time_sec	Acc_m_s2
0	0.00965657287490612
0.07	0.0170627155643074
0.14	0.103714112967602
0.21	0.0750971853304953
0.28	0.196825412229351
0.35	0.127337483683508
0.42	0.0278272021073757
0.49	0.124368958999263
0.56	-0.14620207289716
0.63	-0.0776904050784973
0.7	0.120483125608596
0.77	-0.0535076090859754
0.84	1.00356645552908
0.91	-0.668151265900274
0.98	0.201565107746017
1.05	0.0236864562675045
1.12	-0.348929333902764
1.19	0.502998546835075
1.26	0.119941713136596
1.33	0.298532428309818
1.4	-0.0153960923709602
1.47	0.00150564996287628
1.54	0.266868847149442
1.61	0.104380361368302
1.68	0.470325983527184
1.75	0.59768043371908
1.82	0.081892816515718
1.89	-0.100708378845521
1.96	0.128944638869943
2.03	-0.345506014306925
2.1	-1.35195042485522
2.17	-1.51500002817587
2.24	-2.16617966076693
2.31	-0.332348444519247
2.38	2.2557037907141
2.45	1.89994875687406
2.52	-0.494728127713863
2.59	-1.88911386284431
2.66	2.72424009522929
2.73	-0.113206598217789
2.8	-1.3516955510302
2.87	-0.388450372114007
2.94	-1.78406680528701
3.01	0.0873680482566258
3.08	-1.59133561753047
3.15	-1.80545088994891
3.22	0.0403673809481822
3.29	1.53717296120457
3.36	1.53666026070905
3.43	2.32269638520005
3.5	2.32500589554812
3.57	0.66368275667765
3.64	-0.969898773990277
3.71	-3.01089127476854
3.78	-3.58395837484236
3.85	-2.00788986912026
3.92	-0.650937790846791
3.99	1.95306823102586
4.06	3.89116220877226
4.13	2.08981761841381
4.2	3.49011089166005
4.27	0.424801123924435
4.34	-2.78062054808125
4.41	-2.80870574362668
4.48	0.0205359265277104
4.55	0.111206083606978
4.62	-1.20147201196418
4.69	0.804081230946266
4.76	2.08813226616643
4.83	-0.121586924809109
4.9	0.104409640865459
4.97	0.0862768942961401
5.04	-1.22548468989012
5.11	-1.08073377548962
5.18	-1.02819162989663
5.25	-0.812526454167396
5.32	0.37468785588088
5.39	1.0686040917424
5.46	0.303805797218854
5.53	0.541665421570212
5.6	0.690026898868994
5.67	0.0698132609261392
5.74	0.0995203524433755
5.81	2.31602904160102
5.88	-0.411214865431904
5.95	-1.27969656073911
6.02	-0.37331371167422
6.09	-0.599845741814263
6.16	0.36645051880149
6.23	-0.785897590137741
6.3	-0.153906361477476
6.37	-0.0222261448570469
6.44	0.0625711803472922
6.51	-0.79024172597292
6.58	-0.724261519112242
6.65	0.107720768013438
6.72	-0.277474674540299
6.79	-1.48403926787783
6.86	-0.644192540547584
6.93	1.658503231344
7	1.09348843191902
7.07	2.59080414878945
7.14	2.58400510434779
7.21	0.284694330950778
7.28	0.0337859277602014
7.35	-0.197979707012955
7.42	-0.998286950314032
7.49	-1.77046219693309
7.56	-1.96788988989849
7.63	-0.942289106659936
7.7	0.371503837752824
7.77	-0.033419562773642
7.84	1.2406022943233
7.91	1.794917211547
7.98	1.59824106291077
8.05	-0.674119348492935
8.12	-0.819922983546807
8.19	-0.22475481642926
8.26	-1.55846957927435
8.33	-0.680718882767495
8.4	-0.472244327072046
8.47	1.27578945945897
8.54	1.03385809102811
8.61	0.993095339475317
8.68	0.337626392424734
8.75	-0.110940941994418
8.82	-0.461904328275233
8.89	-0.886192800083048
8.96	0.875706290064473
9.03	0.343517447520259
9.1	-0.177294442094035
9.17	-0.527765999604273
9.24	-0.584286080316494
9.31	-0.559429994816482
9.38	-0.618943706921152
9.45	-0.528374083975555
9.52	-0.485723499916796
9.59	0.465175394025297
9.66	0.246930434776304
9.73	0.374890800808789
9.8	0.309608686124663
9.87	0.381569460720425
9.94	0.402445365854407
10.01	0.0279619176864437
10.08	-0.785464563134696
10.15	-0.832782725866409
10.22	-0.509936062299347
10.29	-1.00016864691547
10.36	-0.485152594038368
10.43	0.179849753106516
10.5	0.586833782604027
10.57	0.807766933917105
10.64	0.79374763230241
10.71	0.632363596245383
10.78	0.615563454628042
10.85	0.360835563462585
10.92	0.132619767075358
10.99	-0.215334987241558
11.06	-0.310825154519352
11.13	-0.254100284507023
11.2	-0.449954998186698
11.27	-0.140860032348494
11.34	-0.299484386844625
11.41	-0.364368519792536
11.48	0.0126427956025655
11.55	0.475997561070355
11.62	-0.307189952792586
11.69	0.187160625970099
11.76	0.218391209501232
11.83	-0.0349364489446001
11.9	-0.172135815295875
11.97	0.239315438391232
12.04	0.143376810213694
12.11	0.105270226239356
12.18	0.184652973115975
12.25	0.100287113491207
12.32	0.0126475746353751
12.39	-0.151992615392684
12.46	-0.135374106029347
12.53	-0.0301765550900508
12.6	-0.428280827461483
12.67	-0.175489712006466
12.74	0.0741197303422415
12.81	0.245885379312596
12.88	0.424928772274255
12.95	0.179403767422226
13.02	0.129478080225843
13.09	0.0553936797790965
13.16	-0.299385554633068
13.23	-0.389140101874733
13.3	-0.279622607343228
13.37	-0.390605409116499
13.44	-0.198896132241531
13.51	0.323236002346427
13.58	-0.0554397055506496
13.65	0.149264686002689
13.72	0.201343292173765
13.79	0.0146595243238764
13.86	-0.0723805042773535
13.93	-0.0988370341068855
14	0.267318395068904
14.07	0.418344117737711
14.14	0.0161888409783305
14.21	0.0858711025777112
14.28	0.100093852161965
14.35	-0.197673824417718
14.42	-0.128868227758332
14.49	0.0320928261783695
14.56	0.11356784015099
14.63	0.0331881180814083
14.7	-0.313510630578864
14.77	0.146030241528108
14.84	0.470963969894519
14.91	0.156396100632023
14.98	0.0109039223674865
15.05	-0.130974582421255
15.12	-0.616785647986768
15.19	-0.543542413702505
15.26	-0.022993615828998
15.33	0.483761638366641
15.4	0.399328864681369
15.47	-0.203050009990258
15.54	-0.0719237196550947
15.61	0.227612340058598
15.68	0.0690220065913928
15.75	-0.0603187113896166
15.82	0.138864410617066
15.89	-0.0410104366929801
15.96	-0.246157508813652
16.03	0.035564419932129
16.1	0.361235183472818
16.17	0.377298312309917
16.24	-0.0657187147939553
16.31	0.0857071012639641
16.38	0.201460451782903
16.45	0.197818668190144
16.52	0.0447998873842744
16.59	-0.226473806316431
16.66	-0.196819996790414
16.73	-0.317245941875652
16.8	-0.0407278999497447
16.87	0.0771186173255312
16.94	-0.136874127148345
17.01	-0.391313372988868
17.08	-0.0643347560191486
17.15	0.106340604714146
17.22	-0.0352301883055342
17.29	-0.00653996406570034
17.36	-0.146511702557025
17.43	-0.274389328449307
17.5	-0.259495063175514
17.57	-0.020060147412858
17.64	0.190718793553139
17.71	0.0226205961570542
17.78	-0.0822713539744265
17.85	0.0634553941190256
17.92	0.0179236193662113
17.99	0.134911801696359
18.06	0.110841018725409
18.13	-0.0880118272527452
18.2	0.105549275694277
18.27	0.0311025307616311
18.34	-0.00996702592052078
18.41	0.00692997723626811
18.48	0.201072085387537
18.55	0.0109928347388268
18.62	-0.146720025605634
18.69	-0.166063611147488
18.76	-0.127680468656999
18.83	0.0377617400338836
18.9	0.0945646613710255
18.97	0.0839413773492265
19.04	0.176026810392748
19.11	0.0733635927546034
19.18	-0.11185001749999
19.25	-0.0312181758511799
19.32	0.0578720086362298
19.39	0.0177752994319431
19.46	0.02004319619488
19.53	-0.174306504429375
19.6	0.0211006086973746
19.67	0.00820849435952387
19.74	-0.0904499390430685
19.81	0.138531630621671
19.88	0.10174315934999
19.95	-0.068002162318452
20.02	-0.155410473360592
20.09	-0.163817248096957
20.16	-0.0361124288162564
20.23	-0.00463834390198076
20.3	0.0755112289969964
20.37	0.162025071301668
20.44	0.199980081406409
20.51	0.319808748347047
20.58	0.116270755218562
20.65	-0.0725072423541972
20.72	-0.0633034592062134
20.79	-0.0740721216362726
20.86	-0.0537658540904491
20.93	0.0791899892834368
21	0.186759738859992
21.07	-0.0215366369294441
21.14	-0.177406397792425
21.21	-0.190279232371861
21.28	-0.217340078038047
21.35	-0.100016702264929
21.42	0.0444234451434015
21.49	-0.0271595943561829
21.56	0.109837326004155
21.63	0.028006066669546
21.7	-0.0259938671100131
21.77	-0.0567735399672699
21.84	-0.0247855047662537
21.91	0.0715954975076644
21.98	0.0215078013385519
22.05	-0.0134292479885284
22.12	0.0734737454422785
22.19	0.0336245881254858
22.26	0.0910961175031999
22.33	0.132561445649254
22.4	-0.0946504171110872
22.47	-0.0915585820838794
22.54	-0.0752794847949542
22.61	-0.130243444740127
22.68	0.0598844546769923
22.75	0.111068174711095
22.82	-0.0480954448429502
22.89	0.058923771622933
22.96	0.188799626839582
23.03	0.141367087261789
23.1	0.0114879528492578
23.17	0.0675669077624315
23.24	-0.0154487531585713
23.31	-0.163913355754144
23.38	-0.138424975380976
23.45	-0.0876723845685593
23.52	-0.0819720125853016
23.59	-0.00708727638199041
23.66	-0.0697733814106469
23.73	-0.0728239704518514
23.8	-0.161664448126905
23.87	0.0112640133005354
23.94	0.0107557415912752
24.01	-0.0614735219006181
24.08	-0.0343474934633271
24.15	-0.026677873234744
24.22	0.0670201819777401
24.29	0.0401515651131227
24.36	0.0907061194748539
24.43	0.129194702716319
24.5	0.152537733330963
24.57	0.0439502238303064
24.64	0.0464376971191508
24.71	0.0616841758454354
24.78	0.0413106818010267
24.85	-0.00386046935555712
24.92	0.0260680004933868
24.99	-0.0258224509132689
25.06	-0.0170906205266349
25.13	-0.144208267248277
25.2	-0.164591406482946
25.27	-0.107055147928892
25.34	0.0230478495673886
25.41	0.0475856600322325
25.48	0.116175935295784
25.55	0.0466713285594477
25.62	-0.0522462050389459
25.69	-0.0287108621314241
25.76	0.00777579651448766
25.83	0.0775443162815409
25.9	0.0597310360642407
25.97	-0.113045468916309
26.04	-0.0691243181372021
26.11	-0.0669885359940589
26.18	-0.0358056233089703
26.25	-0.0416472027467486
26.32	-0.0449698536888745
26.39	0.0366517989269975
26.46	-0.0446276430119959
26.53	0.0286669146199673
26.6	0.00634180817294208
26.67	0.0201799104783954
26.74	-0.0121962138413521
26.81	0.0477053375960171
26.88	0.162603667898959
26.95	0.145908041034211
27.02	0.0810722121973908
27.09	0.0125768929157847
27.16	0.00749658340161214
27.23	-0.0362087702191793
27.3	-0.0384315379061954
27.37	0.0257748464297499
27.44	0.14623481705101
27.51	0.118183339125208
27.58	0.0396313112677849
27.65	-0.128969592480254
27.72	-0.175167177815593
27.79	-0.127493431344277
27.86	-0.0485019690136379
27.93	0.0358859815382076
28	0.0697311270483693
28.07	0.0146403633308167
28.14	-0.0871145077826841
28.21	0.0218138731843208
28.28	0.0210336973968379
28.35	-0.0520200506787013
28.42	0.00180580149831246
28.49	-0.029770873133416
28.56	-0.0976223600716343
28.63	-0.0384271823054479
28.7	0.082348158012338
28.77	0.120717150381758
28.84	0.0603182720059007
28.91	-0.0203826570104741
28.98	-0.104419820360708
29.05	-0.107881588428708
29.12	-0.0453243673452312
29.19	-0.0130819933823946
29.26	0.0300031408540548
29.33	0.0186545699432117
29.4	-0.0576912544169055
29.47	0.0264977471898879
29.54	0.100847148857381
29.61	0.139513720993291
29.68	0.0291965418534804
29.75	-0.0240011518968619
29.82	-0.0389934316399808
29.89	-0.00760972152107406
29.96	0.0466900038917595
30.03	0.0516111196155489
30.1	0.0564499567667429
30.17	0.0125563261995252
30.24	0.06003274511025
30.31	0.0677825786465168
30.38	0.0173862504294205
30.45	0.0105877442261916
30.52	-0.00772817213003618
30.59	-0.0894489244207698
30.66	-0.113557178337429
30.73	-0.0566291697161556
30.8	0.0525264841638743
30.87	0.0846808454407217
30.94	0.0409693588294516
31.01	-0.0446092761782546
31.08	-0.13710136200474
31.15	-0.0707477703072091
31.22	0.0209895245361416
31.29	-0.0304657891707248
31.36	-0.0233510942005206
31.43	-0.0815789778011597
31.5	-0.0196646751916957
31.57	0.016590873179252
31.64	0.0493565456554096
31.71	0.0653926899744283
31.78	0.0374355942411816
31.85	-0.00762707752116434
31.92	-0.0465589956503343
31.99	-0.0350212213346646
32.06	0.000747652230279421
32.13	0.0145032801909931
32.2	0.00957779892643795
32.27	0.0565941112692772
32.34	0.0674425341308029
32.41	-0.00257727132546955
32.48	-0.0336682161575802
32.55	-0.0589012973608316
32.62	0.0109899619535062
32.69	0.028104366856287
32.76	0.0194995274384047
32.83	0.0369088453288
32.9	-0.00269524599904867
32.97	-0.0353598422625551
33.04	0.00787079095712203
33.11	0.0251330101155826
33.18	-0.00555965740473587
33.25	-0.00239107937174861
33.32	-0.0274993009683007
33.39	-0.00798129006681146
33.46	0.0724008341435942
33.53	0.0123423402301124
33.6	-0.0542699365794093
33.67	-0.0721361846386074
33.74	-0.118962991894569
33.81	-0.109784020507954
33.88	-0.0404129903239072
33.95	0.0164363781999592
34.02	0.0218162374813698
34.09	0.0534059940189449
34.16	0.0424419953826728
34.23	0.0796059119730423
34.3	0.0359004426707232
34.37	0.028093408934617
34.44	0.050977347041313
34.51	-0.0139999282527287
34.58	-0.0130276452967142
34.65	0.0382363941347467
34.72	0.017187430364014
34.79	-0.0257102741569134
34.86	-0.0124421105188682
34.93	-0.0130329033447124
35	0.0131684506915462
35.07	-0.0152672020256412
35.14	-0.0291073244280611
35.21	-0.0642613090747715
35.28	-0.0272007389057232
35.35	-0.0217220739098186
35.42	0.0354625025713695
35.49	0.00617242907149257
35.56	-0.0195822770186114
35.63	-0.0377735363738025
35.7	-0.0597497611801304
35.77	-0.0820781605122323
35.84	-0.0746430409662216
35.91	0.00715376883370807
35.98	0.0402755396267484
36.05	0.0518597851074209
36.12	0.0465539979791737
36.19	0.0689825055818286
36.26	0.0194051669028743
36.33	-0.00107154041061008
36.4	0.0212522087115506
36.47	0.0375611806813252
36.54	0.0214307588019771
36.61	0.0437623194129627
36.68	0.028514951189493
36.75	-0.00429083286487569
36.82	0.0175641720837695
36.89	0.0310060625162145
36.96	-0.00182674159872074
37.03	-0.0126585066748531
37.1	-0.0390011599498881
37.17	-0.00232342658395237
37.24	-0.00150537277531571
37.31	0.00162229098021921
37.38	0.0173581337062139
37.45	-0.0200705914810597
37.52	-0.0575683063834921
37.59	-0.029020648131507
37.66	-0.00761643983493268
37.73	-0.0306810979393016
37.8	-0.0330862479627308
37.87	-0.00485976103936574
37.94	0.0252322825651427
38.01	0.0543947231803011
38.08	0.0348695338337973
38.15	0.012410282526415
38.22	-0.0274413536903962
38.29	-0.0504975289177316
38.36	-0.0133872517527348
38.43	0.000519708845714917
38.5	-0.0174955665842097
38.57	-0.0387066247290989
38.64	0.000182836671595618
38.71	0.0416113629378772
38.78	0.0414048611217744
38.85	0.0240222133780946
38.92	0.0436992506486756
38.99	0.00437383607743487
39.06	-0.00993911551640259
39.13	-0.0128493045092149
39.2	0.013077826341659
39.27	0.0278514005782428
39.34	0.0323102253218659
39.41	-0.0215549924684305
39.48	-0.0304904392432808
39.55	0.00707021143880738
39.62	0.0162181166938169
39.69	-0.0128112523968369
39.76	-0.0171251387568297
39.83	-0.0250440505737113
39.9	-0.00162755218736504
39.97	0.00703420676715054
