time (sec)	Acc (m/s^2)
0	-0.02314
0.02	0.02005
0.04	0.04079
0.06	0.02798
0.08	0.00876
0.1	0.01101
0.12	0.07509
0.14	0.13464
0.16	0.13969
0.18	0.09866
0.2	0.05316
0.22	0.05038
0.24	0.08516
0.26	0.15283
0.28	0.23499
0.3	0.26897
0.32	0.21253
0.34	0.09284
0.36	0.03922
0.38	0.05301
0.4	0.0597
0.42	0.07461
0.44	0.08951
0.46	0.07419
0.48	0.0642
0.5	0.07361
0.52	0.07586
0.54	0.00917
0.56	-0.11204
0.58	-0.19952
0.6	-0.24765
0.62	-0.24251
0.64	-0.0341
0.66	0.20416
0.68	0.28219
0.7	0.12709
0.72	-0.12308
0.74	-0.25452
0.76	-0.14926
0.78	0.28335
0.8	0.58289
0.82	0.71519
0.84	0.75964
0.86	0.77488
0.88	0.53427
0.9	-0.263
0.92	-0.97911
0.94	-1.0912
0.96	-0.44568
0.98	0.36406
1	0.80819
1.02	0.72003
1.04	0.12825
1.06	-0.39886
1.08	-0.55372
1.1	-0.59326
1.12	-0.41425
1.14	0.13058
1.16	0.58354
1.18	0.60172
1.2	0.24083
1.22	0.0555
1.24	0.15493
1.26	0.28431
1.28	0.29132
1.3	0.29034
1.32	0.32626
1.34	0.18135
1.36	0.01333
1.38	0.01132
1.4	0.09133
1.42	0.14736
1.44	0.04732
1.46	-0.24893
1.48	-0.18571
1.5	0.22611
1.52	0.41505
1.54	0.27093
1.56	0.10789
1.58	0.14267
1.6	0.24396
1.62	0.20728
1.64	0.14328
1.66	0.13247
1.68	0.35601
1.7	0.71129
1.72	0.83051
1.74	0.74581
1.76	0.40784
1.78	0.27457
1.8	0.24115
1.82	0.07298
1.84	-0.04962
1.86	-0.06498
1.88	0.03032
1.9	0.00059
1.92	-0.10245
1.94	-0.08579
1.96	-0.02514
1.98	0.1538
2	0.24598
2.02	0.09286
2.04	-0.52339
2.06	-1.259
2.08	-1.4026
2.1	-1.2414
2.12	-1.155
2.14	-1.2084
2.16	-1.503
2.18	-1.8466
2.2	-1.9696
2.22	-2.0259
2.24	-2.0082
2.26	-1.9452
2.28	-1.5667
2.3	-0.79674
2.32	0.12959
2.34	1.0265
2.36	1.7219
2.38	2.2543
2.4	2.4365
2.42	2.4107
2.44	2.0454
2.46	1.8072
2.48	1.216
2.5	0.21619
2.52	-0.73672
2.54	-1.4899
2.56	-1.7821
2.58	-1.8097
2.6	-1.4316
2.62	-0.23479
2.64	1.3367
2.66	2.3108
2.68	2.7216
2.7	3.0961
2.72	1.7141
2.74	-1.4
2.76	-3.0026
2.78	-2.4962
2.8	-0.50762
2.82	0.1818
2.84	0.06033
2.86	-0.37214
2.88	-1.2851
2.9	-1.5394
2.92	-1.7952
2.94	-1.6328
2.96	-0.94153
2.98	-0.62624
3	-0.12213
3.02	0.26505
3.04	-0.38309
3.06	-1.3015
3.08	-1.7385
3.1	-1.7286
3.12	-1.8509
3.14	-1.9042
3.16	-1.6815
3.18	-1.286
3.2	-0.79909
3.22	-0.03692
3.24	0.7974
3.26	1.5157
3.28	1.5586
3.3	1.2749
3.32	1.2734
3.34	1.4645
3.36	1.7591
3.38	1.9483
3.4	1.9608
3.42	1.9615
3.44	2.2605
3.46	2.4903
3.48	2.5527
3.5	2.6296
3.52	2.3035
3.54	1.2132
3.56	0.44861
3.58	0.27827
3.6	0.15873
3.62	-0.22824
3.64	-0.77206
3.66	-1.478
3.68	-2.3284
3.7	-3.0901
3.72	-3.4882
3.74	-3.4005
3.76	-3.2782
3.78	-3.1974
3.8	-3.3239
3.82	-3.2692
3.84	-2.8144
3.86	-1.8123
3.88	-0.70204
3.9	-0.56856
3.92	-0.65223
3.94	-0.38796
3.96	0.12127
3.98	1.059
4	2.3856
4.02	3.9299
4.04	4.6938
4.06	3.8247
4.08	2.649
4.1	2.2041
4.12	2.2753
4.14	2.6014
4.16	2.9426
4.18	3.0422
4.2	3.0327
4.22	3.1352
4.24	2.82
4.26	1.1713
4.28	-0.48474
4.3	-1.5911
4.32	-2.1703
4.34	-2.4733
4.36	-3.0278
4.38	-3.2244
4.4	-3.2937
4.42	-2.6686
4.44	-1.494
4.46	-0.67278
4.48	-0.00778
4.5	0.42026
4.52	0.58653
4.54	0.41352
4.56	-0.09847
4.58	-0.55182
4.6	-1.2944
4.62	-1.5503
4.64	-0.86144
4.66	-0.03573
4.68	0.64103
4.7	1.1105
4.72	1.5246
4.74	1.7832
4.76	2.1483
4.78	2.2435
4.8	1.3183
4.82	-0.43878
4.84	-0.87527
4.86	-0.11968
4.88	-0.0275
4.9	0.08616
4.92	0.37804
4.94	0.5047
4.96	0.27663
4.98	-0.18885
5	-0.75435
5.02	-0.93909
5.04	-1.0655
5.06	-1.2778
5.08	-1.3243
5.1	-1.1602
5.12	-0.9683
5.14	-0.96376
5.16	-1.0758
5.18	-1.1438
5.2	-0.98761
5.22	-0.87856
5.24	-0.82601
5.26	-0.78892
5.28	-0.57297
5.3	0.0295
5.32	0.53705
5.34	0.66994
5.36	0.85841
5.38	1.1454
5.4	1.1622
5.42	0.84216
5.44	0.36497
5.46	0.15715
5.48	0.19414
5.5	0.42202
5.52	0.64353
5.54	0.66176
5.56	0.58021
5.58	0.55323
5.6	0.63465
5.62	0.79028
5.64	0.59543
5.66	0.05517
5.68	-0.16787
5.7	-0.26396
5.72	-0.12254
5.74	0.1752
5.76	0.64364
5.78	1.4491
5.8	2.1557
5.82	2.467
5.84	1.9749
5.86	0.64179
5.88	-0.65347
5.9	-1.3856
5.92	-1.4768
5.94	-1.4486
5.96	-1.0258
5.98	-0.5016
6	-0.39533
6.02	-0.42063
6.04	-0.64145
6.06	-0.69734
6.08	-0.58029
6.1	-0.47941
6.12	-0.21921
6.14	0.31889
6.16	0.55209
6.18	0.22553
6.2	-0.45037
6.22	-0.74949
6.24	-0.70879
6.26	-0.79619
6.28	-0.52881
6.3	-0.0485
6.32	0.09619
6.34	0.05006
6.36	-0.06162
6.38	-0.06778
6.4	0.0445
6.42	0.04131
6.44	-0.0291
6.46	-0.05133
6.48	-0.17262
6.5	-0.54831
6.52	-0.94974
6.54	-1.1761
6.56	-1.1116
6.58	-0.67719
6.6	-0.23112
6.62	-0.02896
6.64	0.0343
6.66	0.01384
6.68	-0.03633
6.7	-0.04915
6.72	-0.19214
6.74	-0.50829
6.76	-0.96175
6.78	-1.4055
6.8	-1.5494
6.82	-1.5796
6.84	-1.398
6.86	-0.64568
6.88	0.23934
6.9	1.0063
6.92	1.5333
6.94	1.7154
6.96	1.5332
6.98	1.1759
7	1.0849
7.02	1.2826
7.04	1.6988
7.06	2.2457
7.08	2.8143
7.1	3.1393
7.12	3.1076
7.14	2.6296
7.16	1.8347
7.18	1.0608
7.2	0.51208
7.22	0.18522
7.24	-0.03548
7.26	-0.07119
7.28	0.0618
7.3	0.10839
7.32	0
7.34	-0.1394
7.36	-0.34009
7.38	-0.55341
7.4	-0.70754
7.42	-0.89614
7.44	-1.1804
7.46	-1.5544
7.48	-1.8276
7.5	-1.9029
7.52	-1.8565
7.54	-1.861
7.56	-1.8994
7.58	-1.9047
7.6	-1.7742
7.62	-1.2039
7.64	-0.57254
7.66	-0.08348
7.68	0.22822
7.7	0.28152
7.72	0.21186
7.74	0.11637
7.76	0.10166
7.78	0.15103
7.8	0.23905
7.82	0.5852
7.84	1.1291
7.86	1.7211
7.88	1.9793
7.9	1.8066
7.92	1.6762
7.94	1.7126
7.96	1.685
7.98	1.6601
8	1.2693
8.02	0.41357
8.04	-0.23026
8.06	-0.81499
8.08	-1.3215
8.1	-1.5732
8.12	-1.0268
8.14	-0.15435
8.16	0.40693
8.18	0.03992
8.2	-0.79242
8.22	-1.1102
8.24	-1.3885
8.26	-1.5596
8.28	-1.3584
8.3	-0.95236
8.32	-0.72983
8.34	-0.63252
8.36	-0.684
8.38	-0.80348
8.4	-0.53933
8.42	0.08002
8.44	0.63502
8.46	1.0805
8.48	1.3225
8.5	1.3944
8.52	1.3786
8.54	1.0237
8.56	0.72725
8.58	0.8958
8.6	1.0473
8.62	1.0799
8.64	1.0033
8.66	0.56748
8.68	0.1144
8.7	0.02205
8.72	0.02288
8.74	0.02519
8.76	0.0066
8.78	-0.19668
8.8	-0.42614
8.82	-0.5405
8.84	-0.63405
8.86	-0.76881
8.88	-0.92432
8.9	-0.9734
8.92	-0.28289
8.94	0.52759
8.96	0.88605
8.98	1.0295
9	1.0118
9.02	0.66418
9.04	0.00666
9.06	-0.34839
9.08	-0.21699
9.1	0.08049
9.12	-0.00092
9.14	-0.29498
9.16	-0.61169
9.18	-0.77204
9.2	-0.66665
9.22	-0.52697
9.24	-0.48784
9.26	-0.53992
9.28	-0.57422
9.3	-0.52899
9.32	-0.52055
9.34	-0.62115
9.36	-0.72052
9.38	-0.70481
9.4	-0.60966
9.42	-0.43871
9.44	-0.32697
9.46	-0.44446
9.48	-0.72737
9.5	-0.89218
9.52	-0.57042
9.54	-0.06328
9.56	0.27168
9.58	0.44372
9.6	0.47454
9.62	0.35447
9.64	0.22886
9.66	0.27029
9.68	0.34925
9.7	0.3413
9.72	0.27733
9.74	0.31631
9.76	0.40587
9.78	0.39856
9.8	0.31332
9.82	0.26567
9.84	0.31686
9.86	0.36413
9.88	0.40299
9.9	0.43628
9.92	0.4353
9.94	0.38168
9.96	0.32534
9.98	0.28845
10	0.16119
10.02	-0.10977
10.04	-0.37551
10.06	-0.56479
10.08	-0.73347
10.1	-0.85618
10.12	-0.94015
10.14	-0.98116
10.16	-0.93003
10.18	-0.59857
10.2	-0.28617
10.22	-0.3876
10.24	-0.69635
10.26	-0.95016
10.28	-1.0488
10.3	-1.0077
10.32	-0.82882
10.34	-0.59304
10.36	-0.46751
10.38	-0.35678
10.4	-0.14881
10.42	0.11704
10.44	0.30123
10.46	0.40983
10.48	0.50239
10.5	0.58121
10.52	0.65108
10.54	0.71416
10.56	0.76178
10.58	0.80215
10.6	0.8664
10.62	0.90742
10.64	0.82953
10.66	0.66415
10.68	0.6096
10.7	0.65178
10.72	0.67167
10.74	0.64902
10.76	0.64191
10.78	0.62698
10.8	0.55497
10.82	0.45445
10.84	0.37242
10.86	0.32486
10.88	0.29937
10.9	0.22958
10.92	0.13196
10.94	0.02551
10.96	-0.08356
10.98	-0.18862
11	-0.2744
11.02	-0.2585
11.04	-0.25911
11.06	-0.33448
11.08	-0.37253
11.1	-0.28072
11.12	-0.16337
11.14	-0.20726
11.16	-0.3673
11.18	-0.47395
11.2	-0.45408
11.22	-0.41454
11.24	-0.33121
11.26	-0.16064
11.28	-0.06173
11.3	-0.09342
11.32	-0.19121
11.34	-0.34672
11.36	-0.46051
11.38	-0.44409
11.4	-0.32059
11.42	-0.21108
11.44	-0.19411
11.46	-0.21772
11.48	-0.14614
11.5	0.13793
11.52	0.4605
11.54	0.58378
11.56	0.59007
11.58	0.24257
11.6	-0.29826
11.62	-0.53763
11.64	-0.33903
11.66	0.04634
11.68	0.2114
11.7	0.24815
11.72	0.26375
11.74	0.26942
11.76	0.2047
11.78	0.10905
11.8	0.07074
11.82	0.05451
11.84	-0.04868
11.86	-0.15348
11.88	-0.20371
11.9	-0.2055
11.92	-0.09602
11.94	0.08548
11.96	0.19923
11.98	0.23669
12	0.28537
12.02	0.28863
12.04	0.14577
12.06	0.02507
12.08	0.02134
12.1	0.07382
12.12	0.17833
12.14	0.22581
12.16	0.18679
12.18	0.15466
12.2	0.12211
12.22	0.10798
12.24	0.12865
12.26	0.13422
12.28	0.10901
12.3	0.0414
12.32	-0.03182
12.34	-0.07086
12.36	-0.08791
12.38	-0.08906
12.4	-0.11735
12.42	-0.18678
12.44	-0.2166
12.46	-0.17797
12.48	-0.08653
12.5	0.00904
12.52	0.03445
12.54	-0.04431
12.56	-0.21105
12.58	-0.37356
12.6	-0.4553
12.62	-0.41279
12.64	-0.32533
12.66	-0.2635
12.68	-0.14897
12.7	-0.01432
12.72	0.09008
12.74	0.10429
12.76	0.06838
12.78	0.10082
12.8	0.1917
12.82	0.29612
12.84	0.39716
12.86	0.46463
12.88	0.42375
12.9	0.3234
12.92	0.26749
12.94	0.2275
12.96	0.19048
12.98	0.15768
13	0.10636
13.02	0.08115
13.04	0.0983
13.06	0.14352
13.08	0.15018
13.1	0.04636
13.12	-0.11119
13.14	-0.24914
13.16	-0.32282
13.18	-0.34433
13.2	-0.38309
13.22	-0.40081
13.24	-0.35802
13.26	-0.31285
13.28	-0.32163
13.3	-0.32745
13.32	-0.31454
13.34	-0.28958
13.36	-0.29744
13.38	-0.36471
13.4	-0.43562
13.42	-0.43838
13.44	-0.24572
13.46	0.04142
13.48	0.25407
13.5	0.34255
13.52	0.30008
13.54	0.15691
13.56	0.02589
13.58	-0.0367
13.6	-0.07125
13.62	-0.025
13.64	0.10319
13.66	0.21317
13.68	0.26693
13.7	0.23268
13.72	0.16411
13.74	0.12269
13.76	0.10398
13.78	0.06655
13.8	0.00696
13.82	-0.04728
13.84	-0.08609
13.86	-0.05906
13.88	-0.05998
13.9	-0.11906
13.92	-0.13893
13.94	-0.0821
13.96	0.02261
13.98	0.14543
14	0.27228
14.02	0.36936
14.04	0.42777
14.06	0.44164
14.08	0.41726
14.1	0.28298
14.12	0.08752
14.14	-0.03798
14.16	-0.04469
14.18	0.0411
14.2	0.10029
14.22	0.10815
14.24	0.1092
14.26	0.13963
14.28	0.12108
14.3	0.0236
14.32	-0.0864
14.34	-0.17395
14.36	-0.214
14.38	-0.20539
14.4	-0.18513
14.42	-0.15517
14.44	-0.09604
14.46	-0.00852
14.48	0.06907
14.5	0.08005
14.52	0.04313
14.54	0.03221
14.56	0.06764
14.58	0.14547
14.6	0.17417
14.62	0.15014
14.64	-0.01182
14.66	-0.24035
14.68	-0.30956
14.7	-0.29534
14.72	-0.2295
14.74	-0.11691
14.76	0.05551
14.78	0.23786
14.8	0.3614
14.82	0.42108
14.84	0.45845
14.86	0.47822
14.88	0.39231
14.9	0.15634
14.92	0.01835
14.94	0.03174
14.96	0.08993
14.98	0.06442
15	-0.00559
15.02	-0.05317
15.04	-0.10978
15.06	-0.19597
15.08	-0.3334
15.1	-0.46677
15.12	-0.58302
15.14	-0.66134
15.16	-0.70526
15.18	-0.66807
15.2	-0.51214
15.22	-0.28524
15.24	-0.10915
15.26	0.02409
15.28	0.10949
15.3	0.21242
15.32	0.35842
15.34	0.52169
15.36	0.62943
15.38	0.63144
15.4	0.44902
15.42	0.11347
15.44	-0.08245
15.46	-0.17835
15.48	-0.19631
15.5	-0.14634
15.52	-0.11196
15.54	-0.1033
15.56	-0.05819
15.58	0.09568
15.6	0.23598
15.62	0.28544
15.64	0.25484
15.66	0.16833
15.68	0.03986
15.7	-0.06785
15.72	-0.09413
15.74	-0.04996
15.76	0.01664
15.78	0.05569
15.8	0.07353
15.82	0.09493
15.84	0.12932
15.86	0.11387
15.88	0.02223
15.9	-0.09616
15.92	-0.19607
15.94	-0.23058
15.96	-0.21831
15.98	-0.20655
16	-0.15558
16.02	-0.04409
16.04	0.09725
16.06	0.23555
16.08	0.3126
16.1	0.33985
16.12	0.37494
16.14	0.41947
16.16	0.44559
16.18	0.36911
16.2	0.1684
16.22	0.02483
16.24	-0.0498
16.26	-0.09571
16.28	-0.07839
16.3	0.01457
16.32	0.13213
16.34	0.22161
16.36	0.2476
16.38	0.21064
16.4	0.15487
16.42	0.13096
16.44	0.18062
16.46	0.22888
16.48	0.2148
16.5	0.15743
16.52	0.05064
16.54	-0.0851
16.56	-0.1968
16.58	-0.23554
16.6	-0.20717
16.62	-0.17849
16.64	-0.16827
16.66	-0.19384
16.68	-0.25051
16.7	-0.32119
16.72	-0.33331
16.74	-0.28352
16.76	-0.21184
16.78	-0.1336
16.8	-0.05235
16.82	0.03004
16.84	0.08286
16.86	0.07294
16.88	0.04458
16.9	0.02929
16.92	-0.01633
16.94	-0.12983
16.96	-0.25275
16.98	-0.34387
17	-0.39435
17.02	-0.37509
17.04	-0.30964
17.06	-0.18233
17.08	-0.05184
17.1	0.03315
17.12	0.09384
17.14	0.1152
17.16	0.10047
17.18	0.04017
17.2	-0.02186
17.22	-0.03973
17.24	-0.02039
17.26	-0.00314
17.28	-0.02268
17.3	-0.05209
17.32	-0.04396
17.34	-0.03257
17.36	-0.11203
17.38	-0.2313
17.4	-0.30363
17.42	-0.28013
17.44	-0.22001
17.46	-0.24267
17.48	-0.30442
17.5	-0.29466
17.52	-0.22884
17.54	-0.13576
17.56	-0.04636
17.58	0.02294
17.6	0.09389
17.62	0.16132
17.64	0.21454
17.66	0.18737
17.68	0.10971
17.7	0.0365
17.72	-0.02025
17.74	-0.06042
17.76	-0.0587
17.78	-0.05184
17.8	-0.06799
17.82	-0.03588
17.84	0.03077
17.86	0.08715
17.88	0.10628
17.9	0.05073
17.92	-0.00704
17.94	0.006
17.96	0.06445
17.98	0.10162
18	0.12636
18.02	0.17722
18.04	0.22106
18.06	0.17222
18.08	0.0013
18.1	-0.1176
18.12	-0.11723
18.14	-0.06378
18.16	0.02537
18.18	0.08097
18.2	0.10681
18.22	0.1141
18.24	0.07312
18.26	0.01749
18.28	-0.01242
18.3	0.02016
18.32	0.04197
18.34	0.03055
18.36	-0.03195
18.38	-0.06314
18.4	-0.05693
18.42	-0.00239
18.44	0.16009
18.46	0.21838
18.48	0.23308
18.5	0.14847
18.52	0.06251
18.54	0.0344
18.56	0.0034
18.58	-0.03212
18.6	-0.11212
18.62	-0.16959
18.64	-0.19419
18.66	-0.17252
18.68	-0.15764
18.7	-0.13748
18.72	-0.14696
18.74	-0.16254
18.76	-0.14213
18.78	-0.09367
18.8	-0.04807
18.82	0.01722
18.84	0.07421
18.86	0.10106
18.88	0.09415
18.9	0.07246
18.92	0.07802
18.94	0.08933
18.96	0.09463
18.98	0.08434
19	0.09546
19.02	0.15011
19.04	0.20433
19.06	0.21057
19.08	0.14443
19.1	0.05628
19.12	0.00763
19.14	-0.00328
19.16	-0.02164
19.18	-0.08137
19.2	-0.1555
19.22	-0.15993
19.24	-0.05336
19.26	0.03686
19.28	0.06004
19.3	0.04706
19.32	0.03398
19.34	0.03863
19.36	0.03581
19.38	0.01316
19.4	0.0138
19.42	0.03972
19.44	0.05441
19.46	0.03085
19.48	-0.04173
19.5	-0.11651
19.52	-0.17128
19.54	-0.16566
19.56	-0.11679
19.58	-0.06191
19.6	0.00292
19.62	0.06175
19.64	0.08653
19.66	0.06055
19.68	-0.00704
19.7	-0.09464
19.72	-0.13652
19.74	-0.10863
19.76	-0.02533
19.78	0.06994
19.8	0.13538
19.82	0.16075
19.84	0.14108
19.86	0.10542
19.88	0.0922
19.9	0.08249
19.92	0.0399
19.94	-0.04099
19.96	-0.11769
19.98	-0.1545
20	-0.14058
20.02	-0.12805
20.04	-0.14353
20.06	-0.16788
20.08	-0.18879
20.1	-0.16815
20.12	-0.12802
20.14	-0.07875
20.16	-0.01693
20.18	0.01397
20.2	-0.00195
20.22	-0.02142
20.24	-0.02924
20.26	0.00518
20.28	0.05754
20.3	0.09816
20.32	0.11022
20.34	0.128
20.36	0.15598
20.38	0.15856
20.4	0.16311
20.42	0.18071
20.44	0.21065
20.46	0.24853
20.48	0.27644
20.5	0.29179
20.52	0.30575
20.54	0.29173
20.56	0.23243
20.58	0.12669
20.6	0.01225
20.62	-0.06956
20.64	-0.07127
20.66	-0.03196
20.68	-0.04821
20.7	-0.08406
20.72	-0.08305
20.74	-0.06784
20.76	-0.07162
20.78	-0.06895
20.8	-0.06114
20.82	-0.06699
20.84	-0.06859
20.86	-0.06653
20.88	-0.0407
20.9	0.0094
20.92	0.07019
20.94	0.10999
20.96	0.13847
20.98	0.1729
21	0.19986
21.02	0.17338
21.04	0.08724
21.06	0.00232
21.08	-0.06832
21.1	-0.11224
21.12	-0.1419
21.14	-0.17303
21.16	-0.18794
21.18	-0.19792
21.2	-0.18893
21.22	-0.18656
21.24	-0.20067
21.26	-0.21242
21.28	-0.22335
21.3	-0.21046
21.32	-0.17343
21.34	-0.1132
21.36	-0.07702
21.38	-0.03166
21.4	0.03042
21.42	0.06329
21.44	0.04117
21.46	-0.00456
21.48	-0.03484
21.5	-0.03448
21.52	0.00705
21.54	0.07057
21.56	0.13375
21.58	0.13395
21.6	0.08722
21.62	0.03306
21.64	0.00357
21.66	-0.01537
21.68	-0.02593
21.7	-0.02448
21.72	-0.02256
21.74	-0.03793
21.76	-0.0417
21.78	-0.05063
21.8	-0.07599
21.82	-0.07529
21.84	-0.03532
21.86	0.02759
21.88	0.0729
21.9	0.07417
21.92	0.05078
21.94	0.04222
21.96	0.0397
21.98	0.03486
22	0.01605
22.02	-0.00672
22.04	-0.02471
22.06	-0.01752
22.08	0.00718
22.1	0.04996
22.12	0.08979
22.14	0.09333
22.16	0.06124
22.18	0.03
22.2	0.02844
22.22	0.02854
22.24	0.04803
22.26	0.09339
22.28	0.13099
22.3	0.15559
22.32	0.1591
22.34	0.11584
22.36	0.03004
22.38	-0.04829
22.4	-0.09477
22.42	-0.12354
22.44	-0.11672
22.46	-0.0969
22.48	-0.0827
22.5	-0.06642
22.52	-0.06165
22.54	-0.07666
22.56	-0.10308
22.58	-0.12753
22.6	-0.12459
22.62	-0.10535
22.64	-0.08087
22.66	-0.02398
22.68	0.05123
22.7	0.11279
22.72	0.15229
22.74	0.14748
22.76	0.08863
22.78	0.02097
22.8	-0.02943
22.82	-0.06276
22.84	-0.05117
22.86	-0.00168
22.88	0.05971
22.9	0.10324
22.92	0.11176
22.94	0.12923
22.96	0.1751
22.98	0.20727
23	0.21711
23.02	0.18631
23.04	0.1151
23.06	0.04855
23.08	0.00373
23.1	0.00211
23.12	0.02873
23.14	0.06261
23.16	0.08683
23.18	0.06484
23.2	0.02504
23.22	0.00081
23.24	-0.01121
23.26	-0.02909
23.28	-0.08773
23.3	-0.15775
23.32	-0.20291
23.34	-0.19848
23.36	-0.15224
23.38	-0.11362
23.4	-0.10182
23.42	-0.10179
23.44	-0.10191
23.46	-0.09377
23.48	-0.09314
23.5	-0.09192
23.52	-0.06927
23.54	-0.05745
23.56	-0.04088
23.58	-0.01724
23.6	-0.00952
23.62	-0.01232
23.64	-0.04001
23.66	-0.06912
23.68	-0.09513
23.7	-0.08585
23.72	-0.05648
23.74	-0.0659
23.76	-0.1101
23.78	-0.14413
23.8	-0.16308
23.82	-0.15521
23.84	-0.09598
23.86	-0.02507
23.88	0.04493
23.9	0.07721
23.92	0.06003
23.94	0.00114
23.96	-0.04152
23.98	-0.06532
24	-0.07651
24.02	-0.05365
24.04	-0.02189
24.06	-0.01549
24.08	-0.0295
24.1	-0.05387
24.12	-0.0704
24.14	-0.05644
24.16	8.00E-05
24.18	0.04894
24.2	0.0643
24.22	0.06242
24.24	0.04867
24.26	0.04226
24.28	0.03236
24.3	0.04893
24.32	0.06953
24.34	0.08588
24.36	0.0857
24.38	0.08679
24.4	0.10748
24.42	0.12503
24.44	0.14536
24.46	0.14946
24.48	0.1523
24.5	0.1594
24.52	0.13933
24.54	0.09376
24.56	0.04097
24.58	0.01602
24.6	0.03563
24.62	0.05752
24.64	0.05639
24.66	0.04588
24.68	0.03899
24.7	0.06118
24.72	0.078
24.74	0.06442
24.76	0.04978
24.78	0.02882
24.8	0.02183
24.82	0.02042
24.84	0.00386
24.86	0.001
24.88	-0.01102
24.9	0.00619
24.92	0.03626
24.94	0.04371
24.96	0.00869
24.98	-0.03385
25	-0.04712
25.02	-0.03785
25.04	-0.01855
25.06	0.00751
25.08	-0.00855
25.1	-0.07447
25.12	-0.1468
25.14	-0.20142
25.16	-0.18725
25.18	-0.14541
25.2	-0.1257
25.22	-0.14103
25.24	-0.15775
25.26	-0.15279
25.28	-0.11203
25.3	-0.04479
25.32	0.02371
25.34	0.05448
25.36	0.03582
25.38	0.01018
25.4	0.01707
25.42	0.05569
25.44	0.09618
25.46	0.12381
25.48	0.11211
25.5	0.09954
25.52	0.09588
25.54	0.06146
25.56	0.02501
25.58	-0.00551
25.6	-0.0257
25.62	-0.04603
25.64	-0.05456
25.66	-0.06343
25.68	-0.04841
25.7	-0.02073
25.72	0.00588
25.74	0.01014
25.76	0.00406
25.78	0.01441
25.8	0.03324
25.82	0.05955
25.84	0.08477
25.86	0.11207
25.88	0.1043
25.9	0.06094
25.92	0.00317
25.94	-0.06058
25.96	-0.10999
25.98	-0.12015
26	-0.10683
26.02	-0.07796
26.04	-0.06522
26.06	-0.0661
26.08	-0.07194
26.1	-0.06463
26.12	-0.05675
26.14	-0.0545
26.16	-0.05297
26.18	-0.04531
26.2	-0.03122
26.22	-0.02314
26.24	-0.0219
26.26	-0.04698
26.28	-0.06768
26.3	-0.06348
26.32	-0.04582
26.34	-0.01772
26.36	0.0158
26.38	0.04061
26.4	0.03489
26.42	0.00859
26.44	-0.02358
26.46	-0.04703
26.48	-0.05236
26.5	-0.02094
26.52	0.02411
26.54	0.04553
26.56	0.04369
26.58	0.02486
26.6	0.00077
26.62	-0.01341
26.64	-0.00194
26.66	0.0143
26.68	0.03556
26.7	0.03651
26.72	0.00575
26.74	-0.03223
26.76	-0.03601
26.78	0.00041
26.8	0.04608
26.82	0.07678
26.84	0.10272
26.86	0.13984
26.88	0.16166
26.9	0.17325
26.92	0.15941
26.94	0.14486
26.96	0.14111
26.98	0.12675
27	0.10853
27.02	0.08581
27.04	0.04956
27.06	0.02461
27.08	0.01847
27.1	0.01291
27.12	0.01742
27.14	0.00388
27.16	0.00623
27.18	0.0016
27.2	-0.01506
27.22	-0.0294
27.24	-0.04634
27.26	-0.04792
27.28	-0.04532
27.3	-0.02437
27.32	-0.02536
27.34	-0.02636
27.36	0.00437
27.38	0.04817
27.4	0.08943
27.42	0.1191
27.44	0.14255
27.46	0.15299
27.48	0.14916
27.5	0.1324
27.52	0.10805
27.54	0.08676
27.56	0.06366
27.58	0.03458
27.6	-0.00129
27.62	-0.04355
27.64	-0.09225
27.66	-0.14765
27.68	-0.18946
27.7	-0.20042
27.72	-0.17393
27.74	-0.14814
27.76	-0.13066
27.78	-0.12529
27.8	-0.13102
27.82	-0.12756
27.84	-0.08542
27.86	-0.02976
27.88	-0.00656
27.9	0.01202
27.92	0.02165
27.94	0.03529
27.96	0.05309
27.98	0.0568
28	0.06758
28.02	0.08062
28.04	0.06802
28.06	0.03325
28.08	-0.01476
28.1	-0.0579
28.12	-0.07555
28.14	-0.08023
28.16	-0.06307
28.18	-0.03168
28.2	-0.00789
28.22	0.02317
28.24	0.05149
28.26	0.05797
28.28	0.03137
28.3	-0.01182
28.32	-0.0468
28.34	-0.05751
28.36	-0.05084
28.38	-0.03307
28.4	-0.00808
28.42	0.01502
28.44	0.00965
28.46	-0.01321
28.48	-0.03279
28.5	-0.05149
28.52	-0.0474
28.54	-0.06639
28.56	-0.09774
28.58	-0.11033
28.6	-0.09726
28.62	-0.05875
28.64	-0.0133
28.66	0.03375
28.68	0.06253
28.7	0.07436
28.72	0.08954
28.74	0.10826
28.76	0.12348
28.78	0.13271
28.8	0.11452
28.82	0.0821
28.84	0.04719
28.86	0.02642
28.88	0.01561
28.9	-0.00038
28.92	-0.02669
28.94	-0.0558
28.96	-0.08174
28.98	-0.11327
29	-0.1259
29.02	-0.1216
29.04	-0.10479
29.06	-0.09098
29.08	-0.0822
29.1	-0.06951
29.12	-0.04959
29.14	-0.03871
29.16	-0.01658
29.18	-0.00477
29.2	-0.01052
29.22	-0.00745
29.24	0.00978
29.26	0.03537
29.28	0.04576
29.3	0.04127
29.32	0.02402
29.34	0.00433
29.36	-0.01819
29.38	-0.04546
29.4	-0.06379
29.42	-0.0476
29.44	-0.02542
29.46	0.01578
29.48	0.03672
29.5	0.06601
29.52	0.0939
29.54	0.09761
29.56	0.11622
29.58	0.1264
29.6	0.14208
29.62	0.13253
29.64	0.11358
29.66	0.07827
29.68	0.0293
29.7	-0.01436
29.72	-0.02456
29.74	-0.02439
29.76	-0.02085
29.78	-0.01736
29.8	-0.02156
29.82	-0.04058
29.84	-0.0564
29.86	-0.04145
29.88	-0.02259
29.9	0.01338
29.92	0.04241
29.94	0.0398
29.96	0.03846
29.98	0.03395
30	0.04345
30.02	0.05888
30.04	0.06255
30.06	0.06016
30.08	0.06274
30.1	0.05028
30.12	0.03663
30.14	0.03217
30.16	0.02161
30.18	0.01396
30.2	0.01351
30.22	0.03747
30.24	0.06466
30.26	0.08566
30.28	0.07708
30.3	0.06405
30.32	0.05545
30.34	0.04591
30.36	0.03269
30.38	0.02521
30.4	0.01428
30.42	0.00381
30.44	0.00388
30.46	0.00305
30.48	0.00362
30.5	0.02029
30.52	0.01204
30.54	-0.02565
30.56	-0.07091
30.58	-0.10045
30.6	-0.09974
30.62	-0.0966
30.64	-0.09959
30.66	-0.09855
30.68	-0.12068
30.7	-0.11359
30.72	-0.0781
30.74	-0.03209
30.76	0.00675
30.78	0.03513
30.8	0.05139
30.82	0.05425
30.84	0.07492
30.86	0.09031
30.88	0.08868
30.9	0.07565
30.92	0.06286
30.94	0.0417
30.96	0.01689
30.98	-0.01552
31	-0.03285
31.02	-0.05131
31.04	-0.08173
31.06	-0.11498
31.08	-0.14123
31.1	-0.15082
31.12	-0.12463
31.14	-0.08891
31.16	-0.04521
31.18	-0.00387
31.2	0.01295
31.22	0.01416
31.24	0.00553
31.26	-0.00453
31.28	-0.02101
31.3	-0.03056
31.32	-0.03179
31.34	-0.03019
31.36	-0.02476
31.38	-0.0292
31.4	-0.05036
31.42	-0.07393
31.44	-0.08733
31.46	-0.07785
31.48	-0.05966
31.5	-0.01781
31.52	0.02276
31.54	0.01846
31.56	0.00979
31.58	0.00887
31.6	0.01876
31.62	0.02897
31.64	0.05439
31.66	0.07481
31.68	0.07363
31.7	0.06373
31.72	0.051
31.74	0.0493
31.76	0.04951
31.78	0.04029
31.8	0.02987
31.82	0.01746
31.84	0.00408
31.86	-0.01711
31.88	-0.04032
31.9	-0.04393
31.92	-0.04358
31.94	-0.04086
31.96	-0.03787
31.98	-0.04287
32	-0.03631
32.02	-0.0176
32.04	-0.0152
32.06	-0.0046
32.08	0.01462
32.1	0.02678
32.12	0.01844
32.14	0.00261
32.16	-0.0006
32.18	0.00556
32.2	0.01929
32.22	0.02588
32.24	0.03018
32.26	0.04206
32.28	0.05856
32.3	0.07622
32.32	0.08144
32.34	0.06813
32.36	0.04518
32.38	0.03073
32.4	0.011
32.42	-0.01513
32.44	-0.02591
32.46	-0.02313
32.48	-0.02938
32.5	-0.04366
32.52	-0.05394
32.54	-0.06194
32.56	-0.05027
32.58	-0.04189
32.6	-0.01718
32.62	0.00649
32.64	0.02926
32.66	0.04882
32.68	0.03628
32.7	0.01722
32.72	0.00205
32.74	0.01688
32.76	0.02623
32.78	0.03157
32.8	0.03592
32.82	0.03718
32.84	0.03386
32.86	0.02226
32.88	0.00276
32.9	-2.00E-05
32.92	-0.00565
32.94	-0.02058
32.96	-0.04337
32.98	-0.04522
33	-0.02662
33.02	-0.00073
33.04	0.01488
33.06	0.01891
33.08	0.02617
33.1	0.02453
33.12	0.02589
33.14	0.00809
33.16	-0.00242
33.18	-0.00011
33.2	-0.00781
33.22	-0.0091
33.24	-0.0015
33.26	0.0013
33.28	-0.00742
33.3	-0.02317
33.32	-0.0258
33.34	-0.03887
33.36	-0.028
33.38	-0.01227
33.4	0.00693
33.42	0.02789
33.44	0.04892
33.46	0.07302
33.48	0.07719
33.5	0.05967
33.52	0.03101
33.54	-0.0103
33.56	-0.03256
33.58	-0.04657
33.6	-0.04945
33.62	-0.05574
33.64	-0.06249
33.66	-0.0622
33.68	-0.08039
33.7	-0.09676
33.72	-0.11316
33.74	-0.11366
33.76	-0.11789
33.78	-0.12281
33.8	-0.12223
33.82	-0.10526
33.84	-0.08299
33.86	-0.0566
33.88	-0.03949
33.9	-0.02602
33.92	-0.00349
33.94	0.01632
33.96	0.02639
33.98	0.02406
34	0.01082
34.02	0.01356
34.04	0.02894
34.06	0.04437
34.08	0.05819
34.1	0.06074
34.12	0.049
34.14	0.0301
34.16	0.03868
34.18	0.05584
34.2	0.07047
34.22	0.07436
34.24	0.0762
34.26	0.07057
34.28	0.05375
34.3	0.04669
34.32	0.02373
34.34	0.01222
34.36	0.01098
34.38	0.03068
34.4	0.05355
34.42	0.06389
34.44	0.05861
34.46	0.03485
34.48	0.00865
34.5	-0.01839
34.52	-0.02424
34.54	-0.02258
34.56	-0.00756
34.58	-0.00206
34.6	0.00056
34.62	-0.00108
34.64	0.01712
34.66	0.04583
34.68	0.05366
34.7	0.04844
34.72	0.02562
34.74	-0.00818
34.76	-0.03632
34.78	-0.04045
34.8	-0.02048
34.82	0.00081
34.84	-0.00185
34.86	-0.00873
34.88	-0.02633
34.9	-0.03148
34.92	-0.02381
34.94	-0.00955
34.96	0.01813
34.98	0.02483
35	0.01706
35.02	-0.00208
35.04	-0.02281
35.06	-0.01471
35.08	-0.00942
35.1	-0.01145
35.12	-0.01482
35.14	-0.02828
35.16	-0.04292
35.18	-0.06121
35.2	-0.07482
35.22	-0.06655
35.24	-0.04641
35.26	-0.02144
35.28	-0.01552
35.3	-0.0306
35.32	-0.04096
35.34	-0.03771
35.36	-0.01421
35.38	0.01407
35.4	0.03537
35.42	0.03531
35.44	0.02763
35.46	0.02138
35.48	0.00972
35.5	0.0034
35.52	0.00061
35.54	-0.0177
35.56	-0.02297
35.58	-0.02417
35.6	-0.02754
35.62	-0.03903
35.64	-0.04298
35.66	-0.04049
35.68	-0.04883
35.7	-0.06048
35.72	-0.07475
35.74	-0.07473
35.76	-0.07607
35.78	-0.08051
35.8	-0.08258
35.82	-0.08717
35.84	-0.08223
35.86	-0.05587
35.88	-0.02933
35.9	-0.00392
35.92	0.02093
35.94	0.03557
35.96	0.03623
35.98	0.03259
36	0.03567
36.02	0.05
36.04	0.06136
36.06	0.05583
36.08	0.04586
36.1	0.04023
36.12	0.04882
36.14	0.04879
36.16	0.05775
36.18	0.07141
36.2	0.0764
36.22	0.05912
36.24	0.03193
36.26	0.01391
36.28	0.00246
36.3	0.00178
36.32	0.00044
36.34	0.00361
36.36	0.00434
36.38	0.01246
36.4	0.02156
36.42	0.03137
36.44	0.03205
36.46	0.03432
36.48	0.03483
36.5	0.03744
36.52	0.03176
36.54	0.01741
36.56	0.01545
36.58	0.02628
36.6	0.0434
36.62	0.05293
36.64	0.04919
36.66	0.04266
36.68	0.02463
36.7	0.00573
36.72	-0.00121
36.74	0.00819
36.76	0.00329
36.78	0.00229
36.8	-0.00165
36.82	0.00808
36.84	0.0332
36.86	0.03415
36.88	0.03599
36.9	0.02807
36.92	0.02065
36.94	0.00414
36.96	-0.00866
36.98	-0.01133
37	-0.00305
37.02	0.00134
37.04	-0.01462
37.06	-0.03341
37.08	-0.04179
37.1	-0.03657
37.12	-0.028
37.14	-0.02944
37.16	-0.00742
37.18	0.0092
37.2	0.0071
37.22	-0.0009
37.24	-0.0041
37.26	-0.00621
37.28	-0.00545
37.3	0.00104
37.32	0.00784
37.34	0.01505
37.36	0.01373
37.38	0.01247
37.4	0.00798
37.42	0.00726
37.44	-0.00622
37.46	-0.02487
37.48	-0.04967
37.5	-0.05292
37.52	-0.05592
37.54	-0.06697
37.56	-0.04503
37.58	-0.02364
37.6	-0.00915
37.62	-0.02093
37.64	-0.02696
37.66	-0.0149
37.68	-0.00382
37.7	-0.00342
37.72	-0.01718
37.74	-0.04132
37.76	-0.05246
37.78	-0.04245
37.8	-0.03142
37.82	-0.01993
37.84	-0.00509
37.86	-0.00145
37.88	-0.01265
37.9	-0.012
37.92	0.01582
37.94	0.03767
37.96	0.0487
37.98	0.04264
38	0.03923
38.02	0.05699
38.04	0.05339
38.06	0.04595
38.08	0.03167
38.1	0.02471
38.12	0.02626
38.14	0.01523
38.16	0.0094
38.18	-0.00054
38.2	-0.01524
38.22	-0.03344
38.24	-0.0391
38.26	-0.04356
38.28	-0.04768
38.3	-0.04755
38.32	-0.04476
38.34	-0.02649
38.36	-0.01572
38.38	-0.00405
38.4	0.00943
38.42	0.00284
38.44	-0.00275
38.46	-0.0087
38.48	-0.01788
38.5	-0.01915
38.52	-0.01444
38.54	-0.02708
38.56	-0.04206
38.58	-0.04153
38.6	-0.03583
38.62	-0.0171
38.64	0.00152
38.66	0.02518
38.68	0.03419
38.7	0.03303
38.72	0.03669
38.74	0.04329
38.76	0.04663
38.78	0.04668
38.8	0.04245
38.82	0.02553
38.84	0.01741
38.86	0.02406
38.88	0.02967
38.9	0.04283
38.92	0.04791
38.94	0.03916
38.96	0.03079
38.98	0.00744
39	-0.00495
39.02	-0.0079
39.04	-0.01656
39.06	-0.00726
39.08	-0.00337
39.1	-0.0036
39.12	-0.01654
39.14	-0.02505
39.16	-0.00908
39.18	0.00839
39.2	0.02174
39.22	0.02357
39.24	0.02177
39.26	0.02202
39.28	0.02486
39.3	0.03102
39.32	0.03982
39.34	0.03528
39.36	0.0241
39.38	0.00704
39.4	-0.01505
39.42	-0.03531
39.44	-0.04086
39.46	-0.02904
39.48	-0.02892
39.5	-0.01901
39.52	-0.00711
39.54	-0.00208
39.56	0.00759
39.58	0.01817
39.6	0.02325
39.62	0.01481
39.64	0.00911
39.66	0.00366
39.68	-0.01196
39.7	-0.01826
39.72	-0.01952
39.74	-0.01651
39.76	-0.01364
39.78	-0.01548
39.8	-0.02143
39.82	-0.03007
39.84	-0.02723
39.86	-0.01878
39.88	-0.00993
39.9	0.00586
39.92	0.00465
39.94	0.00066
39.96	0.01004
39.98	0.00918
