time_sec	Acc_m_s2
0	-0.0231519742695928
0.01	-0.00799499666459891
0.02	0.020060375285451
0.03	0.0388972770866952
0.04	0.0408111076256133
0.05	0.0345084132465484
0.06	0.0279944788272778
0.07	0.0195919535899856
0.08	0.00876453304242149
0.09	0.00228418248036411
0.1	0.0110156973512626
0.11	0.0375891079982436
0.12	0.0751288568670582
0.13	0.11062176823674
0.14	0.134709672241054
0.15	0.144116586365719
0.16	0.139762285467564
0.17	0.123381621831143
0.18	0.0987110536490073
0.19	0.0725531758860612
0.2	0.0531875087368866
0.21	0.0457195801004017
0.22	0.0504060701686295
0.23	0.0641419039626326
0.24	0.0852040677959605
0.25	0.114434233560118
0.26	0.152909085031196
0.27	0.196076563108456
0.28	0.235111600415368
0.29	0.261295156169061
0.3	0.269109184066222
0.31	0.253638239831474
0.32	0.212639978025781
0.33	0.152795453192762
0.34	0.0928880419701383
0.35	0.0526226830726262
0.36	0.0392402951967775
0.37	0.0441250173245064
0.38	0.0530374311162972
0.39	0.0579132189902868
0.4	0.0597308929945848
0.41	0.064632904710123
0.42	0.0746486084811721
0.43	0.0855589701472052
0.44	0.0895563187930534
0.45	0.083952700317548
0.46	0.0742283911435217
0.47	0.0664217079660798
0.48	0.0642332216122671
0.49	0.0666475777912639
0.5	0.073648091010576
0.51	0.0798360421929904
0.52	0.0758992553194172
0.53	0.0528251824209659
0.54	0.00917474520536588
0.55	-0.0492667808585428
0.56	-0.112097977405583
0.57	-0.165089023956693
0.58	-0.199623245733326
0.59	-0.223654625438451
0.6	-0.247778151593114
0.61	-0.264843840790654
0.62	-0.242635491794251
0.63	-0.161428781960889
0.64	-0.0341176457473257
0.65	0.0981833318785321
0.66	0.204265646796892
0.67	0.267995816720677
0.68	0.282336025027502
0.69	0.234495485699447
0.7	0.127155765338053
0.71	-0.00596584955469443
0.72	-0.123143690280963
0.73	-0.204782840794885
0.74	-0.254651706616109
0.75	-0.249767134741926
0.76	-0.149337237661168
0.77	0.0506325749393526
0.78	0.283496625293394
0.79	0.468176636969426
0.8	0.583191628435738
0.81	0.657451935370099
0.82	0.715560089795597
0.83	0.750299666062321
0.84	0.760033091363592
0.85	0.767158764115
0.86	0.775280977615476
0.87	0.726689699575821
0.88	0.534546469015357
0.89	0.178326003929101
0.9	-0.263136094766764
0.91	-0.674601624385641
0.92	-0.979616660635309
0.93	-1.13262182220242
0.94	-1.09176466391442
0.95	-0.843235069263876
0.96	-0.445910626295252
0.97	-0.0125285716668056
0.98	0.364248390345202
0.99	0.642442770142506
1	0.80860821456103
1.01	0.840777464605322
1.02	0.720402594353281
1.03	0.460235920709267
1.04	0.128316365603945
1.05	-0.18267451502451
1.06	-0.399066398321945
1.07	-0.510562800155454
1.08	-0.554006533818451
1.09	-0.579153335055459
1.1	-0.593566994605819
1.11	-0.556403395754467
1.12	-0.414464362194418
1.13	-0.164832047430518
1.14	0.130647571310434
1.15	0.398014107518745
1.16	0.583841964791625
1.17	0.658441691825991
1.18	0.602031372407062
1.19	0.436923259948678
1.2	0.240954622443649
1.21	0.100354394749638
1.22	0.0555287196180814
1.23	0.0859138149743617
1.24	0.155010171719448
1.25	0.229589100010608
1.26	0.284457122065166
1.27	0.303745540656728
1.28	0.291470749534044
1.29	0.278422834102737
1.3	0.29049024241286
1.31	0.320191568785948
1.32	0.326428829956671
1.33	0.277029359874376
1.34	0.181443843292596
1.35	0.0809843602880431
1.36	0.0133368978830455
1.37	-0.00815102391609028
1.38	0.0113258577671474
1.39	0.0504996333787485
1.4	0.0913772605895382
1.41	0.124835912138054
1.42	0.147436254467035
1.43	0.133410670498441
1.44	0.0473444867086056
1.45	-0.105315732114439
1.46	-0.249058813955477
1.47	-0.288960981759658
1.48	-0.185806099464394
1.49	0.0144207304758478
1.5	0.226227005276475
1.51	0.370878336083011
1.52	0.415264776170895
1.53	0.367485155388241
1.54	0.271070198308591
1.55	0.171561247011235
1.56	0.107945829902609
1.57	0.0996015545392599
1.58	0.14274382752994
1.59	0.204608582350117
1.6	0.244086242126615
1.61	0.240487938681843
1.62	0.207387261305151
1.63	0.170659805561032
1.64	0.143354143187004
1.65	0.125643922782915
1.66	0.13253854932986
1.67	0.202622343626623
1.68	0.356194224706904
1.69	0.551953002019501
1.7	0.711658071660272
1.71	0.797904491264709
1.72	0.830939764504734
1.73	0.823274729018034
1.74	0.746195934745248
1.75	0.586790942675897
1.76	0.408051045207897
1.77	0.297718186218817
1.78	0.27471208190156
1.79	0.276720236148275
1.8	0.24127478803424
1.81	0.161851719116445
1.82	0.0730177650041005
1.83	0.000551177750490999
1.84	-0.0496456768909765
1.85	-0.0739618686545175
1.86	-0.065013625239332
1.87	-0.0199386119813568
1.88	0.0303356897084726
1.89	0.0436429152405915
1.9	0.000590305307651676
1.91	-0.0640950438056764
1.92	-0.102503014862566
1.93	-0.101538256862431
1.94	-0.085834393802436
1.95	-0.0668204771952736
1.96	-0.025153009210785
1.97	0.057175983782669
1.98	0.153879586977674
1.99	0.225465788515931
2	0.246107287417219
2.01	0.212225941294889
2.02	0.0929080523195502
2.03	-0.151060480438093
2.04	-0.523660838935272
2.05	-0.935500645393657
2.06	-1.25965149548044
2.07	-1.40840803069586
2.08	-1.40332580425803
2.09	-1.32334400731505
2.1	-1.24204238799795
2.11	-1.18517266968954
2.12	-1.15559767853845
2.13	-1.15869640911299
2.14	-1.20902531146828
2.15	-1.32644006759822
2.16	-1.50377775830588
2.17	-1.69939947451158
2.18	-1.84755556120269
2.19	-1.93014968645439
2.2	-1.970619210086
2.21	-2.00577601901568
2.22	-2.02694834368056
2.23	-2.02654003423552
2.24	-2.00923918445101
2.25	-1.99168823130764
2.26	-1.94620658380346
2.27	-1.81775518485049
2.28	-1.56751072118285
2.29	-1.21147863648641
2.3	-0.797152289522705
2.31	-0.346942390917402
2.32	0.129657059014544
2.33	0.606015327329153
2.34	1.02703118356686
2.35	1.38965197772228
2.36	1.72279103261936
2.37	2.0322690826453
2.38	2.2554665339647
2.39	2.37705093639663
2.4	2.4377608171073
2.41	2.46893113258724
2.42	2.41194746636592
2.43	2.24400623784787
2.44	2.04645843435718
2.45	1.91391285825925
2.46	1.8081351728612
2.47	1.59695898021559
2.48	1.21662924424481
2.49	0.724416549069173
2.5	0.216301871968162
2.51	-0.272306275136679
2.52	-0.73710123093753
2.53	-1.15985273366514
2.54	-1.49067097944107
2.55	-1.69075712977325
2.56	-1.78302218434924
2.57	-1.81638467117885
2.58	-1.81063646653769
2.59	-1.71111628102452
2.6	-1.43234081090532
2.61	-0.933942318069729
2.62	-0.234911496921249
2.63	0.567410313608239
2.64	1.33739170294575
2.65	1.93511594618122
2.66	2.31199577105338
2.67	2.52937576761391
2.68	2.72300834797424
2.69	2.96293911348011
2.7	3.09770214071246
2.71	2.76742613004809
2.72	1.71498699634871
2.73	0.142594395209259
2.74	-1.40072445883448
2.75	-2.47429801174888
2.76	-3.00415375721173
2.77	-3.02341482319742
2.78	-2.49749171010189
2.79	-1.51667940259434
2.8	-0.507882678423972
2.81	0.0774169777769861
2.82	0.181894076154364
2.83	0.105738492198064
2.84	0.0603612190010603
2.85	-0.0446262162464018
2.86	-0.372332571507618
2.87	-0.867211324289421
2.88	-1.285765001463
2.89	-1.48009816562069
2.9	-1.54019659423558
2.91	-1.64296459102688
2.92	-1.79612896321405
2.93	-1.83434283408405
2.94	-1.63364492598925
2.95	-1.27023862506238
2.96	-0.942017214090309
2.97	-0.746337942218874
2.98	-0.626564060786077
2.99	-0.431493121467071
3	-0.122193198683897
3.01	0.178108552214
3.02	0.265187155581486
3.03	0.0486978676218101
3.04	-0.383288237810645
3.05	-0.874079542359913
3.06	-1.30217348798077
3.07	-1.60267101600676
3.08	-1.73939962263125
3.09	-1.74750831669242
3.1	-1.72949449967235
3.11	-1.76819939434346
3.12	-1.85185778632625
3.13	-1.91136606271524
3.14	-1.90518536750902
3.15	-1.82735911988803
3.16	-1.68237012680728
3.17	-1.49117567061189
3.18	-1.28666546718653
3.19	-1.07244811321753
3.2	-0.799503505578606
3.21	-0.444127554814193
3.22	-0.0369391050144066
3.23	0.376586204488648
3.24	0.797812631053299
3.25	1.20442883670645
3.26	1.51648433018245
3.27	1.63432072328225
3.28	1.55940652967102
3.29	1.39808180803793
3.3	1.27555972326292
3.31	1.23998225316185
3.32	1.27405894705702
3.33	1.3505196462459
3.34	1.46525783568793
3.35	1.61308874400376
3.36	1.76001028252553
3.37	1.87653064652669
3.38	1.9493081879623
3.39	1.97863247065659
3.4	1.96181465634476
3.41	1.93391354758471
3.42	1.96251501857417
3.43	2.08711341762324
3.44	2.2616697422824
3.45	2.40851825446618
3.46	2.49158865702537
3.47	2.52920962115043
3.48	2.55402094719056
3.49	2.59365245865339
3.5	2.6309607406794
3.51	2.57682769508156
3.52	2.30469199351803
3.53	1.80300715575049
3.54	1.21382779532714
3.55	0.734402691728746
3.56	0.448842142484099
3.57	0.324494313277853
3.58	0.278413996542766
3.59	0.242775784608884
3.6	0.158812138107713
3.61	-0.000839813537899226
3.62	-0.228358107488845
3.63	-0.488921306816035
3.64	-0.772459518348395
3.65	-1.09644219865327
3.66	-1.47876482154098
3.67	-1.90404023162994
3.68	-2.32960487853587
3.69	-2.73297434662783
3.7	-3.09169903588889
3.71	-3.36412420166451
3.72	-3.49000504093318
3.73	-3.47782772292296
3.74	-3.4022596587619
3.75	-3.3361940370924
3.76	-3.27989637210801
3.77	-3.22364440088437
3.78	-3.19905456048384
3.79	-3.24628619133866
3.8	-3.32562002051425
3.81	-3.35393106464124
3.82	-3.27089171487264
3.83	-3.09406902396622
3.84	-2.81585636924555
3.85	-2.39806839210429
3.86	-1.81323781196124
3.87	-1.17857584535755
3.88	-0.702403285057258
3.89	-0.52115137141403
3.9	-0.568854213082096
3.91	-0.656335900729531
3.92	-0.652567509846869
3.93	-0.548281273394176
3.94	-0.388160757892448
3.95	-0.176004685295557
3.96	0.121332753659184
3.97	0.533776762975664
3.98	1.05954800136123
3.99	1.68084998508123
4	2.38683447785396
4.01	3.16370104679046
4.02	3.93193360769546
4.03	4.51071426394965
4.04	4.69622890348379
4.05	4.42142852656317
4.06	3.82667916978875
4.07	3.17067877568326
4.08	2.65037077960896
4.09	2.33860868424073
4.1	2.20524055694078
4.11	2.20067179449869
4.12	2.27647740084722
4.13	2.41756323740227
4.14	2.60274614800859
4.15	2.7991053248675
4.16	2.94412270897597
4.17	3.02108140659524
4.18	3.04377424904734
4.19	3.04274077738602
4.2	3.03426933307667
4.21	3.0633656693374
4.22	3.13682237381277
4.23	3.1278512985566
4.24	2.82145926708089
4.25	2.1146207433551
4.26	1.17190611330917
4.27	0.255006163379093
4.28	-0.484990838696734
4.29	-1.0863554648495
4.3	-1.59192334746539
4.31	-1.96842231055018
4.32	-2.17142306643463
4.33	-2.29166505799685
4.34	-2.47457986002524
4.35	-2.76242133118305
4.36	-3.02936679747075
4.37	-3.1726227843691
4.38	-3.22606853218994
4.39	-3.28229077458128
4.4	-3.29540439290224
4.41	-3.11604861312037
4.42	-2.66998092203265
4.43	-2.0702396146982
4.44	-1.49477310107051
4.45	-1.04114049688468
4.46	-0.673128143867618
4.47	-0.332206138364107
4.48	-0.00778402592123735
4.49	0.251526891141552
4.5	0.4204774721927
4.51	0.525107672602027
4.52	0.586833512028707
4.53	0.567071607685548
4.54	0.413733984440883
4.55	0.158884114470541
4.56	-0.0985209553295941
4.57	-0.312057556275734
4.58	-0.552105550624318
4.59	-0.89669869386648
4.6	-1.29506981393954
4.61	-1.5609506291921
4.62	-1.55110223466507
4.63	-1.27030451718797
4.64	-0.86188576987027
4.65	-0.436916646883103
4.66	-0.0357484892243972
4.67	0.333185673752301
4.68	0.641361714176193
4.69	0.886931884337999
4.7	1.11107465109693
4.71	1.33491012227293
4.72	1.52538893567075
4.73	1.65855740237136
4.74	1.7841227535669
4.75	1.95468889602119
4.76	2.14941168208152
4.77	2.2791670081193
4.78	2.24466094528226
4.79	1.94830123320619
4.8	1.31898218148679
4.81	0.430756396261157
4.82	-0.43900705574814
4.83	-0.925151910313214
4.84	-0.875722926488614
4.85	-0.481413344790434
4.86	-0.119741930880937
4.87	0.00376213775458511
4.88	-0.0275142304413917
4.89	-0.0214001776763426
4.9	0.0862045852665566
4.91	0.238146563091876
4.92	0.378235624584135
4.93	0.479113554392218
4.94	0.504961167409832
4.95	0.42943298175434
4.96	0.276773147890988
4.97	0.0723908150127355
4.98	-0.188947724322066
4.99	-0.493800481031874
5	-0.754740353944138
5.01	-0.895999153030274
5.02	-0.939575951462055
5.03	-0.977501876906515
5.04	-1.0660513649201
5.05	-1.18071356222229
5.06	-1.27846122392765
5.07	-1.32860301886117
5.08	-1.32498528631036
5.09	-1.2651731336315
5.1	-1.16080036938555
5.11	-1.04756919318446
5.12	-0.968801066778166
5.13	-0.945581052824816
5.14	-0.964258717461659
5.15	-1.01151529933886
5.16	-1.07635669486724
5.17	-1.13671757592162
5.18	-1.14439188286777
5.19	-1.08289133109376
5.2	-0.988121059135376
5.21	-0.916133519547644
5.22	-0.879014628966875
5.23	-0.853009521636725
5.24	-0.826437435887052
5.25	-0.806581573257016
5.26	-0.789328242902644
5.27	-0.729206514524994
5.28	-0.573266495127425
5.29	-0.303005351930154
5.3	0.0295152653825838
5.31	0.334541813011075
5.32	0.537327907583614
5.33	0.63049423427445
5.34	0.670286674251125
5.35	0.733949967123097
5.36	0.858854201934364
5.37	1.01805813371286
5.38	1.14599271082073
5.39	1.19772690983633
5.4	1.16280140432674
5.41	1.04374983050556
5.42	0.842595793037178
5.43	0.592692891886454
5.44	0.365158861243444
5.45	0.219468762968082
5.46	0.157231320504171
5.47	0.152722741022603
5.48	0.194240461741519
5.49	0.289335899794901
5.5	0.42223838294095
5.51	0.553830321869841
5.52	0.643863007852683
5.53	0.676477349635583
5.54	0.662102441341649
5.55	0.621416437516714
5.56	0.58051024161454
5.57	0.553808450774806
5.58	0.553516280257859
5.59	0.577201557653404
5.6	0.63497841271379
5.61	0.71663920089681
5.62	0.790688946662655
5.63	0.767996868017562
5.64	0.595738117517012
5.65	0.314054492066395
5.66	0.0551985488527847
5.67	-0.0961075145384855
5.68	-0.167956867788961
5.69	-0.223933360970383
5.7	-0.264096591538536
5.71	-0.23355738139415
5.72	-0.122603410846841
5.73	0.024559889683077
5.74	0.17529066084843
5.75	0.363835078031401
5.76	0.643973064774448
5.77	1.02448369021566
5.78	1.44984986664075
5.79	1.84307497262808
5.8	2.15681551136393
5.81	2.37559564059403
5.82	2.46827659996048
5.83	2.35677361925882
5.84	1.97592195268016
5.85	1.36078820810012
5.86	0.642122107453846
5.87	-0.0519283917009977
5.88	-0.653808151510408
5.89	-1.11436401285035
5.9	-1.3863170072579
5.91	-1.47608837859734
5.92	-1.47756420057626
5.93	-1.4760855348521
5.94	-1.44934960790545
5.95	-1.30679215052845
5.96	-1.02633082133744
5.97	-0.71525505345881
5.98	-0.501859563250984
5.99	-0.417902852540266
6	-0.395534571650741
6.01	-0.389160906890368
6.02	-0.420847663656821
6.03	-0.521162196475453
6.04	-0.641781931513843
6.05	-0.709555746403303
6.06	-0.697700852945457
6.07	-0.642044111936041
6.08	-0.580590283012188
6.09	-0.528379328219391
6.1	-0.479658080578457
6.11	-0.393159869219204
6.12	-0.219323434729362
6.13	0.0455485831741483
6.14	0.319055016198378
6.15	0.505326463414725
6.16	0.552375690341379
6.17	0.458075801516681
6.18	0.22564670514353
6.19	-0.108701181783457
6.2	-0.450603053232348
6.21	-0.680496422667702
6.22	-0.749877839037042
6.23	-0.722079531106955
6.24	-0.709156777983782
6.25	-0.754982955647328
6.26	-0.796602004913877
6.27	-0.730729749749621
6.28	-0.529083643625903
6.29	-0.264545447783217
6.3	-0.0485250973239089
6.31	0.0665295413826497
6.32	0.0962397754966351
6.33	0.0851480749546036
6.34	0.0500859045780388
6.35	-0.00342562919623261
6.36	-0.0616518865381293
6.37	-0.0901380170817872
6.38	-0.067815074157001
6.39	-0.00940436235174628
6.4	0.0445230274415247
6.41	0.0624603974735354
6.42	0.0413313767103233
6.43	0.00335830188367205
6.44	-0.0291150583943454
6.45	-0.0434811467390665
6.46	-0.0513565617656958
6.47	-0.08204661808019
6.48	-0.172709325774292
6.49	-0.335470011551221
6.5	-0.548593734302526
6.51	-0.765627757980679
6.52	-0.950231462523903
6.53	-1.08892110407051
6.54	-1.17670859716803
6.55	-1.19325831264462
6.56	-1.11217522031458
6.57	-0.926443449695477
6.58	-0.677540425912946
6.59	-0.427277045050388
6.6	-0.231239597804162
6.61	-0.102118939849111
6.62	-0.0289749859484619
6.63	0.0135525370932921
6.64	0.0343177492414449
6.65	0.0353385236142042
6.66	0.0138471617930495
6.67	-0.0165999517215071
6.68	-0.0363487997067549
6.69	-0.0405195512872191
6.7	-0.0491754336797964
6.71	-0.0955244690924579
6.72	-0.192239426800327
6.73	-0.333698290713084
6.74	-0.508553025129272
6.75	-0.719226631458444
6.76	-0.962247677345761
6.77	-1.2089689357875
6.78	-1.40622730492276
6.79	-1.51574078098799
6.8	-1.55020176894154
6.81	-1.5634921434518
6.82	-1.58041739655354
6.83	-1.55541197686544
6.84	-1.39872342389329
6.85	-1.07888816238859
6.86	-0.646014120414464
6.87	-0.192371091508712
6.88	0.239463851412461
6.89	0.638942575426335
6.9	1.00682073066082
6.91	1.31089160831431
6.92	1.53409343766494
6.93	1.66659764741433
6.94	1.71628766906048
6.95	1.67076165948073
6.96	1.53399338591788
6.97	1.34439852346364
6.98	1.17650849367391
6.99	1.08771185616093
7	1.08546140384967
7.01	1.15475744722055
7.02	1.28326370778651
7.03	1.47014594094573
7.04	1.69967907904859
7.05	1.96146801655556
7.06	2.24686208371757
7.07	2.54456569779457
7.08	2.81575631749849
7.09	3.0202501736177
7.1	3.14092449544221
7.11	3.17372938208514
7.12	3.10920809162432
7.13	2.92693353741456
7.14	2.6309607406794
7.15	2.25011073848583
7.16	1.83564940330259
7.17	1.42838539800273
7.18	1.0613489328083
7.19	0.752824991216684
7.2	0.512344986342831
7.21	0.330328966095795
7.22	0.185315845903802
7.23	0.0611025474581151
7.24	-0.0354983598567482
7.25	-0.0837748720381429
7.26	-0.0712268387317336
7.27	-0.0114627943662866
7.28	0.0618319796828365
7.29	0.108673133011405
7.3	0.108446088637907
7.31	0.0637258843424972
7.32	0
7.33	-0.0678899847380272
7.34	-0.139472135401091
7.35	-0.230018032128073
7.36	-0.340265986575014
7.37	-0.454877037529304
7.38	-0.553696373402566
7.39	-0.632629739715794
7.4	-0.707906131145537
7.41	-0.792972651238725
7.42	-0.896603726099954
7.43	-1.02302365181035
7.44	-1.18101082229159
7.45	-1.36611811374004
7.46	-1.55520435629452
7.47	-1.71620753512631
7.48	-1.82854572926136
7.49	-1.88919707523985
7.5	-1.90388469479724
7.51	-1.88605255533385
7.52	-1.85746068416159
7.53	-1.84595422858422
7.54	-1.86196301277927
7.55	-1.88782265684727
7.56	-1.90038288365016
7.57	-1.90188075020234
7.58	-1.90568562624432
7.59	-1.8855174378275
7.6	-1.77511809633153
7.61	-1.53429698361529
7.62	-1.2045229828506
7.63	-0.868179254120735
7.64	-0.572836272615069
7.65	-0.314909751945047
7.66	-0.0835231984453591
7.67	0.105120042748809
7.68	0.228338097139433
7.69	0.281160526047167
7.7	0.281665678322203
7.71	0.253849161431082
7.72	0.211969631320481
7.73	0.162738267108267
7.74	0.116430218053264
7.75	0.0926616366872335
7.76	0.101712606060796
7.77	0.129026206068601
7.78	0.151108153584123
7.79	0.174786655251929
7.8	0.239173701345988
7.81	0.378279727565702
7.82	0.585502823792815
7.83	0.841228359961358
7.84	1.12968427605001
7.85	1.43859619491323
7.86	1.72199061864288
7.87	1.91790998323395
7.88	1.98032422955078
7.89	1.92352096276754
7.9	1.80753486237884
7.91	1.71169752151834
7.92	1.67706738421312
7.93	1.6928535876351
7.94	1.71348622014281
7.95	1.7074085081536
7.96	1.68587193795436
7.97	1.675754686767
7.98	1.66095905293652
7.99	1.55336479866387
8	1.26995682542758
8.01	0.846062493624378
8.02	0.413784010314413
8.03	0.0645230918158864
8.04	-0.230379152779449
8.05	-0.52467007851304
8.06	-0.815411733361084
8.07	-1.07938779872017
8.08	-1.32218383739269
8.09	-1.52090668178359
8.1	-1.57401408474172
8.11	-1.39843844175933
8.12	-1.02733133880803
8.13	-0.582108286440008
8.14	-0.154429871586502
8.15	0.200831988173838
8.16	0.407140574309655
8.17	0.359169098447193
8.18	0.0399406574261947
8.19	-0.413470252484508
8.2	-0.79283005404973
8.21	-1.00288144806636
8.22	-1.11077449585575
8.23	-1.23305323231093
8.24	-1.38921850792263
8.25	-1.51753595903668
8.26	-1.56040704714162
8.27	-1.50541224612929
8.28	-1.35910293205769
8.29	-1.15363852547255
8.3	-0.952852818296864
8.31	-0.811801159002346
8.32	-0.730207665565123
8.33	-0.673776509622242
8.34	-0.63284731050142
8.35	-0.63177345603645
8.36	-0.684353949887706
8.37	-0.764265223261325
8.38	-0.803895777274523
8.39	-0.738794064352874
8.4	-0.539609087416573
8.41	-0.243040089090316
8.42	0.0800614079970968
8.43	0.375661155574936
8.44	0.635348604177911
8.45	0.872544729831569
8.46	1.08105912697904
8.47	1.23673099166315
8.48	1.32318435486329
8.49	1.36543527443037
8.5	1.39512156099915
8.51	1.41555061657313
8.52	1.37931338496373
8.53	1.24290785004344
8.54	1.02422973464919
8.55	0.81893599597797
8.56	0.727626330490985
8.57	0.776311996761498
8.58	0.896263550159951
8.59	0.999688087726266
8.6	1.04784194695525
8.61	1.06640475826848
8.62	1.08045881649669
8.63	1.07664123398862
8.64	1.00381917824903
8.65	0.827048031594124
8.66	0.567773654213853
8.67	0.302782758744261
8.68	0.114459198636189
8.69	0.0321411336576543
8.7	0.0220614102266431
8.71	0.0275100758779674
8.72	0.0228918397272379
8.73	0.0160204970154818
8.74	0.0252030350843148
8.75	0.0326835037034756
8.76	0.006603415305934
8.77	-0.0766402492989678
8.78	-0.196781776116833
8.79	-0.323142106295597
8.8	-0.426360514919805
8.81	-0.499118839956756
8.82	-0.540779692857171
8.83	-0.578296531744251
8.84	-0.634378102231432
8.85	-0.706082077002279
8.86	-0.769207836568957
8.87	-0.832934179883706
8.88	-0.924798308421351
8.89	-1.01151244492211
8.9	-0.973903705878206
8.91	-0.716833526666711
8.92	-0.28303638725692
8.93	0.175012428303494
8.94	0.527863012311776
8.95	0.750756667794473
8.96	0.88650850482164
8.97	0.976559739374213
8.98	1.03003273597864
8.99	1.04630144992957
9	1.01232357674909
9.01	0.897005647444192
9.02	0.664523693620492
9.03	0.338542629443085
9.04	0.00666344635416976
9.05	-0.234833449147386
9.06	-0.348570281580962
9.07	-0.335086409538811
9.08	-0.217102285944639
9.09	-0.0461442544157111
9.1	0.0805316512082769
9.11	0.0938303941192412
9.12	-0.000920476072948376
9.13	-0.142301740243558
9.14	-0.295132643476426
9.15	-0.455077955976429
9.16	-0.612006531588904
9.17	-0.72929459774913
9.18	-0.772439507998983
9.19	-0.741490721024885
9.2	-0.666994971772864
9.21	-0.587888495394011
9.22	-0.527242691480006
9.23	-0.494088360325397
9.24	-0.488092442855582
9.25	-0.506786674502853
9.26	-0.540199392724225
9.27	-0.567753222707374
9.28	-0.57451714196567
9.29	-0.556166582328219
9.3	-0.52926373677061
9.31	-0.511801463023094
9.32	-0.520819369318779
9.33	-0.5603843006625
9.34	-0.621471426860743
9.35	-0.682422414366785
9.36	-0.720892847913874
9.37	-0.726531456233757
9.38	-0.70517471845081
9.39	-0.665872666948936
9.4	-0.609975481123594
9.41	-0.531824196462168
9.42	-0.438937019525198
9.43	-0.359123973146319
9.44	-0.327139197360794
9.45	-0.357699586308084
9.46	-0.444689994981125
9.47	-0.574591080420272
9.48	-0.727746392587457
9.49	-0.856808605694855
9.5	-0.892641676916393
9.51	-0.789941216235926
9.52	-0.570715175577405
9.53	-0.305986468370315
9.54	-0.0633127455393187
9.55	0.128896828229963
9.56	0.271820586411538
9.57	0.375308832907324
9.58	0.443949612052884
9.59	0.478565508762977
9.6	0.474785560496655
9.61	0.43069468184097
9.62	0.354653427802186
9.63	0.275619761183466
9.64	0.228978428320614
9.65	0.231790010697598
9.66	0.270429867127409
9.67	0.316678033103628
9.68	0.349430726605674
9.69	0.358896341707759
9.7	0.341476612714436
9.71	0.306647342948622
9.72	0.277473510120405
9.73	0.279627501043157
9.74	0.31647368112424
9.75	0.367499295225519
9.76	0.406080025790823
9.77	0.416183155706706
9.78	0.398766243080766
9.79	0.360014703005379
9.8	0.313482133887158
9.81	0.275951396574573
9.82	0.265807476413255
9.83	0.284764712850251
9.84	0.317023965733068
9.85	0.344903253252351
9.86	0.364318426568144
9.87	0.382914001163399
9.88	0.403198535475506
9.89	0.422745239187083
9.9	0.436505762071649
9.91	0.442512380778852
9.92	0.435525254950465
9.93	0.414335012352691
9.94	0.381877508177104
9.95	0.349895072565293
9.96	0.325508353883722
9.97	0.309360723826498
9.98	0.288599264393434
9.99	0.244364969820736
10	0.161273411085379
10.01	0.0376621975699886
10.02	-0.10982680274733
10.03	-0.253976685032509
10.04	-0.375704315383527
10.05	-0.474491860088785
10.06	-0.565082262217949
10.07	-0.653071147914039
10.08	-0.733849549158093
10.09	-0.800308841831384
10.1	-0.856623047974935
10.11	-0.904184918424789
10.12	-0.940636499980886
10.13	-0.964841032387882
10.14	-0.981667721450031
10.15	-0.981408675350314
10.16	-0.930511263178454
10.17	-0.797864689861248
10.18	-0.598879742374684
10.19	-0.402125780024932
10.2	-0.286318084560475
10.21	-0.288234813730085
10.22	-0.387800571603033
10.23	-0.537925919160066
10.24	-0.696710340649567
10.25	-0.839433102662726
10.26	-0.950651679861553
10.27	-1.02062092140922
10.28	-1.04934272316115
10.29	-1.04391147709051
10.3	-1.00822145511965
10.31	-0.936800342320724
10.32	-0.829248889979427
10.33	-0.703865437303922
10.34	-0.593346880762288
10.35	-0.51708930712328
10.36	-0.467751922678364
10.37	-0.420902321829785
10.38	-0.356964623159263
10.39	-0.266659868565425
10.4	-0.1488870047994
10.41	-0.0143485936780353
10.42	0.117100564758563
10.43	0.223641627433987
10.44	0.301385877667651
10.45	0.359561971324759
10.46	0.410042074974384
10.47	0.458077658129777
10.48	0.502649972052755
10.49	0.543859917359906
10.5	0.581510759085136
10.51	0.617443703729287
10.52	0.651416914755683
10.53	0.684101952361389
10.54	0.714529556800883
10.55	0.74104475389396
10.56	0.762174198750667
10.57	0.780341611879154
10.58	0.80256508903863
10.59	0.83244592768766
10.6	0.866848336524427
10.61	0.895908491701927
10.62	0.907889563168277
10.63	0.888041846246962
10.64	0.82995925738355
10.65	0.744627123661202
10.66	0.664493678096374
10.67	0.61699666796339
10.68	0.609915450075359
10.69	0.627421529026891
10.7	0.6521172769851
10.71	0.66874666688805
10.72	0.672017569475256
10.73	0.661930910181187
10.74	0.649355848766255
10.75	0.642200485607812
10.76	0.642242169550317
10.77	0.639972077331569
10.78	0.627304443714318
10.79	0.598218071431877
10.8	0.555257180656696
10.81	0.504231844589078
10.82	0.45468516451238
10.83	0.409965401529416
10.84	0.372612716399385
10.85	0.343177704305977
10.86	0.325028105497836
10.87	0.313853920409645
10.88	0.299524915172343
10.89	0.271472484236001
10.9	0.229698800899444
10.91	0.180964305303478
10.92	0.132028285419856
10.93	0.0806722767336464
10.94	0.0255232006749055
10.95	-0.0311306059632656
10.96	-0.0836032398430068
10.97	-0.134416457626218
10.98	-0.188717605303829
10.99	-0.241554927144786
11	-0.274541993931559
11.01	-0.276475600963832
11.02	-0.258633766149082
11.03	-0.247149839836364
11.04	-0.259244081806145
11.05	-0.293274374395754
11.06	-0.33465308356497
11.07	-0.366675281632787
11.08	-0.37272277332115
11.09	-0.342869753250439
11.1	-0.280865264345726
11.11	-0.210381911197822
11.12	-0.163454539171278
11.13	-0.162095357711277
11.14	-0.20736725095574
11.15	-0.282929421643639
11.16	-0.367490066949933
11.17	-0.437005957328716
11.18	-0.474195255189003
11.19	-0.474490072122377
11.2	-0.454314973048259
11.21	-0.432500868249358
11.22	-0.414754512260891
11.23	-0.386129643208127
11.24	-0.331381391436121
11.25	-0.249346894892776
11.26	-0.160723126476551
11.27	-0.0920814941318097
11.28	-0.0617619434598948
11.29	-0.0664250257234666
11.3	-0.093468342103084
11.31	-0.134465561928037
11.32	-0.191308945552673
11.33	-0.26575496041067
11.34	-0.346899417405066
11.35	-0.417390329246589
11.36	-0.460748300384192
11.37	-0.47008294450428
11.38	-0.444319803517005
11.39	-0.38919832431203
11.4	-0.320755895898391
11.41	-0.255912951756652
11.42	-0.211189227693416
11.43	-0.190814124941482
11.44	-0.194210446217401
11.45	-0.208692573623825
11.46	-0.217832663698174
11.47	-0.203136973326397
11.48	-0.146215623152908
11.49	-0.0311573317199793
11.5	0.138001374719315
11.51	0.319981359748126
11.52	0.460738295209486
11.53	0.540449104963838
11.54	0.584082088984568
11.55	0.610651646353526
11.56	0.590375343874618
11.57	0.471479260615146
11.58	0.242695522842486
11.59	-0.0406102494578366
11.6	-0.298414340779981
11.61	-0.472143216590599
11.62	-0.53790820771656
11.63	-0.489105200030877
11.64	-0.339205438056182
11.65	-0.13625229755031
11.66	0.0463639795874215
11.67	0.160670047609098
11.68	0.211509393284007
11.69	0.234023786655376
11.7	0.248278410328412
11.71	0.25740382509101
11.72	0.263886482869711
11.73	0.27035673857455
11.74	0.269559416927991
11.75	0.247290439908368
11.76	0.204805926231014
11.77	0.153399257121504
11.78	0.1091064301685
11.79	0.080245897633258
11.8	0.0707766058699653
11.81	0.0693004144011334
11.82	0.0545382073221913
11.83	0.0128885028822772
11.84	-0.0487051904686162
11.85	-0.108612149288103
11.86	-0.153559421387083
11.87	-0.183460333230235
11.88	-0.203815413935124
11.89	-0.214421773467106
11.9	-0.20560634020749
11.91	-0.167194930304974
11.92	-0.0960696875266337
11.93	-0.00503759769167865
11.94	0.0855242333865513
11.95	0.155679795668432
11.96	0.199333095666853
11.97	0.221498120615155
11.98	0.236812480115382
11.99	0.257588061777498
12	0.285517670583998
12.01	0.303829236325591
12.02	0.288779357538141
12.03	0.23012882177551
12.04	0.145845431688788
12.05	0.0693488187029168
12.06	0.0250829729878432
12.07	0.0135432200131419
12.08	0.0213510428225199
12.09	0.0405501474247333
12.1	0.0738581996794012
12.11	0.123779480848755
12.12	0.178422280531395
12.13	0.217120907665334
12.14	0.225926850035296
12.15	0.21020780092247
12.16	0.186886658332638
12.17	0.168349646602514
12.18	0.154740032002387
12.19	0.139575875254381
12.2	0.122173188334485
12.21	0.109245965897012
12.22	0.108035876474963
12.23	0.117204826678753
12.24	0.128716572592183
12.25	0.135118315180485
12.26	0.134289454903403
12.27	0.126394670311103
12.28	0.109066409469677
12.29	0.0799614378822222
12.3	0.0414214232826769
12.31	0.00132404256151531
12.32	-0.0318364659143667
12.33	-0.0553104696572562
12.34	-0.0708966679664369
12.35	-0.081737241307556
12.36	-0.0879554908400997
12.37	-0.0891408651138231
12.38	-0.0891060859312852
12.39	-0.0958875427581393
12.4	-0.117410725174448
12.41	-0.151290850156315
12.42	-0.186876653157932
12.43	-0.210687707731959
12.44	-0.216712084131107
12.45	-0.204920158411305
12.46	-0.178062094241981
12.47	-0.137435928209317
12.48	-0.0865747767306771
12.49	-0.0339758717454462
12.5	0.00904467793418839
12.51	0.033368611901571
12.52	0.0344678268620343
12.53	0.00901637496100373
12.54	-0.0443329291221115
12.55	-0.121566096045329
12.56	-0.211159212169299
12.57	-0.298850422228109
12.58	-0.373753306315864
12.59	-0.428519763766399
12.6	-0.455535604362386
12.61	-0.449071430573842
12.62	-0.413003606687348
12.63	-0.365508813694
12.64	-0.325498348709016
12.65	-0.296463063532309
12.66	-0.263636353502062
12.67	-0.214102070366515
12.68	-0.149047087594695
12.69	-0.080138332584157
12.7	-0.0143274101789356
12.71	0.0446378319906257
12.72	0.0901266137512931
12.73	0.110722001011847
12.74	0.104343967008463
12.75	0.0832434905786752
12.76	0.0684153846393586
12.77	0.0738849977481091
12.78	0.100872171385495
12.79	0.142744842477472
12.8	0.191799199113265
12.81	0.244125957061022
12.82	0.296273233392905
12.83	0.347878548527514
12.84	0.397365518621931
12.85	0.440338209927497
12.86	0.464870432363048
12.87	0.459646216347576
12.88	0.423969278165081
12.89	0.372166303004139
12.9	0.323567349990766
12.91	0.289558284448074
12.92	0.26762841820974
12.93	0.248773351276056
12.94	0.227617724560604
12.95	0.207070405575269
12.96	0.190578567799138
12.97	0.176462564770675
12.98	0.157761594763587
12.99	0.132701460030883
13	0.106415038172597
13.01	0.0880242402892467
13.02	0.0811919927388703
13.03	0.0852575787458388
13.04	0.0983508673595928
13.05	0.119410482255597
13.06	0.143594267379947
13.07	0.158579632693347
13.08	0.150257713734116
13.09	0.111153323911805
13.1	0.0463839899368334
13.11	-0.0316535661232393
13.12	-0.111247537555576
13.13	-0.185452193838286
13.14	-0.249268922624303
13.15	-0.296324001428049
13.16	-0.32298704985782
13.17	-0.334604991682563
13.18	-0.344508180650342
13.19	-0.361451304010445
13.2	-0.383288237810645
13.21	-0.399122602131763
13.22	-0.401017407389607
13.23	-0.385701141356442
13.24	-0.358205264822802
13.25	-0.329660439721066
13.26	-0.313011890675978
13.27	-0.31318462432344
13.28	-0.321796434067811
13.29	-0.328414542381557
13.3	-0.32761944574668
13.31	-0.322765721063316
13.32	-0.314702765201285
13.33	-0.302957510226851
13.34	-0.289729849135207
13.35	-0.28461701420736
13.36	-0.297593916454092
13.37	-0.327348362870699
13.38	-0.364898726701089
13.39	-0.40189604433844
13.4	-0.435845420541056
13.41	-0.45523959540106
13.42	-0.438606848759901
13.43	-0.366970072044011
13.44	-0.245847152874864
13.45	-0.100269346883667
13.46	0.0414414336320888
13.47	0.162143882267504
13.48	0.254201473754341
13.49	0.314793412328119
13.5	0.342727259552681
13.51	0.337770195683044
13.52	0.300235282576466
13.53	0.235712814008073
13.54	0.156991196311228
13.55	0.0825803012649901
13.56	0.025903397313732
13.57	-0.0109421658656638
13.58	-0.0367189911708754
13.59	-0.0579986167784675
13.6	-0.0712868697799693
13.61	-0.0627395097858772
13.62	-0.0250129367649015
13.63	0.0362492572560355
13.64	0.103243397790808
13.65	0.163875261560959
13.66	0.213280309206962
13.67	0.249729482330417
13.68	0.267068128426206
13.69	0.260029043284357
13.7	0.232800405058291
13.71	0.196940758111773
13.72	0.16419492209952
13.73	0.139239505037579
13.74	0.122753488467431
13.75	0.112433089416439
13.76	0.104033806592578
13.77	0.0901564355309479
13.78	0.0665844376681678
13.79	0.0363134486703398
13.8	0.00696360159534858
13.81	-0.0199906877870847
13.82	-0.0473044660097817
13.83	-0.0734333198178497
13.84	-0.0861345490436149
13.85	-0.0786140472197451
13.86	-0.0590905618134033
13.87	-0.0491087907136104
13.88	-0.0600110378863517
13.89	-0.0887251419395915
13.9	-0.119121610049167
13.91	-0.138568579794067
13.92	-0.139001892189911
13.93	-0.1194551989949
13.94	-0.0821424843359366
13.95	-0.0328794527346967
13.96	0.0226217000101769
13.97	0.0818867979814569
13.98	0.145505255748785
13.99	0.210921493340627
14	0.272420896893895
14.01	0.325254496683754
14.02	0.369551132939361
14.03	0.404754535732361
14.04	0.427991358396877
14.05	0.438813562575685
14.06	0.441868535714044
14.07	0.438034247577092
14.08	0.417475919780912
14.09	0.366418896127917
14.1	0.283126433829273
14.11	0.183053825967798
14.12	0.0875652890265672
14.13	0.0119827035624542
14.14	-0.0379996535332384
14.15	-0.0575337213749514
14.16	-0.044713125760938
14.17	-0.00577446650216903
14.18	0.0411212680414981
14.19	0.0787164398817605
14.2	0.100341897126079
14.21	0.108535084804029
14.22	0.108205964444964
14.23	0.105381126813107
14.24	0.10925650778909
14.25	0.123180643386345
14.26	0.139702254419328
14.27	0.142095168708807
14.28	0.121142655339771
14.29	0.0779539265381717
14.3	0.023612212306067
14.31	-0.0331932248384435
14.32	-0.0864447094594996
14.33	-0.134374500599476
14.34	-0.174040014010185
14.35	-0.201527895628361
14.36	-0.214110738707557
14.37	-0.213582350084479
14.38	-0.205496283285725
14.39	-0.195607579374548
14.4	-0.185225799331449
14.41	-0.172970186959977
14.42	-0.155250295912391
14.43	-0.130165060091792
14.44	-0.0960896978760457
14.45	-0.0541891657647312
14.46	-0.00852440884947844
14.47	0.0352335551827471
14.48	0.0691057416940699
14.49	0.0852339959269564
14.5	0.0800914235212146
14.51	0.0616435320519147
14.52	0.0431523185068081
14.53	0.0333616027628837
14.54	0.0322266677278991
14.55	0.0420101057033325
14.56	0.0676750017111176
14.57	0.107232394901723
14.58	0.145545276447609
14.59	0.167921278152234
14.6	0.174260127853716
14.61	0.170462306287963
14.62	0.150217693035293
14.63	0.0922418983630994
14.64	-0.0118261165024454
14.65	-0.137795639235877
14.66	-0.240474374057763
14.67	-0.294970705452068
14.68	-0.309720188197717
14.69	-0.307509542240284
14.7	-0.295492829765841
14.71	-0.269731836646097
14.72	-0.229618759501796
14.73	-0.179330871151456
14.74	-0.116970497487385
14.75	-0.0377157854353105
14.76	0.0555387247927873
14.77	0.150988667109809
14.78	0.237983085555979
14.79	0.309318243877501
14.8	0.361587013873416
14.81	0.396375326409677
14.82	0.421297896518589
14.83	0.441720295437678
14.84	0.458687234394764
14.85	0.472384560732014
14.86	0.478467464788448
14.87	0.459665610026767
14.88	0.392513008889541
14.89	0.280087991294909
14.9	0.156420901352988
14.91	0.0644110352179642
14.92	0.0183594955854377
14.93	0.0123735696176529
14.94	0.031756424516719
14.95	0.064693294509308
14.96	0.0899765361307037
14.97	0.0909554793370775
14.98	0.0644533354557982
14.99	0.027108420522824
15	-0.00559289266063198
15.01	-0.0301240542698375
15.02	-0.0531975139115925
15.03	-0.07990661431422
15.04	-0.109836807922036
15.05	-0.146441235214302
15.06	-0.19607140871271
15.07	-0.261760930428294
15.08	-0.333572524696727
15.09	-0.402835171457534
15.1	-0.467011539750123
15.11	-0.528791673099204
15.12	-0.583321695706915
15.13	-0.62724458355684
15.14	-0.661682224003999
15.15	-0.690083130960623
15.16	-0.705624951312578
15.17	-0.700749250170961
15.18	-0.66841570658111
15.19	-0.606442475199216
15.2	-0.512405017391067
15.21	-0.398119186624053
15.22	-0.28538760331282
15.23	-0.189704905726472
15.24	-0.10920648191556
15.25	-0.036983678370847
15.26	0.0241024658666591
15.27	0.0708466703318861
15.28	0.109546657855563
15.29	0.15477426905513
15.3	0.212529921104015
15.31	0.281958463793731
15.32	0.35860547181104
15.33	0.441438937611084
15.34	0.521959959235259
15.35	0.588598836735605
15.36	0.629755711517278
15.37	0.645682552039382
15.38	0.631766751633177
15.39	0.572073606462781
15.4	0.449252354647043
15.41	0.280000096953125
15.42	0.113528717388535
15.43	-0.0075791536831201
15.44	-0.0824926654506452
15.45	-0.135695654093899
15.46	-0.178442290880807
15.47	-0.201319130755323
15.48	-0.196411584652713
15.49	-0.172880301713705
15.5	-0.146415726647028
15.51	-0.125786636710658
15.52	-0.112017936007935
15.53	-0.105597216468791
15.54	-0.103353454712573
15.55	-0.0938747735054126
15.56	-0.0582201116139848
15.57	0.0092150516105533
15.58	0.0957295115866311
15.59	0.176012086156681
15.6	0.236102112711258
15.61	0.271697165483645
15.62	0.28558770680694
15.63	0.278682860990495
15.64	0.2549718722067
15.65	0.217861127670946
15.66	0.168417105825435
15.67	0.107262740877403
15.68	0.039880626377959
15.69	-0.0220418959680483
15.7	-0.0678851103799427
15.71	-0.0915447651501599
15.72	-0.0941787095072072
15.73	-0.0784860275210865
15.74	-0.0499858528309792
15.75	-0.0151809599502435
15.76	0.0166486107107184
15.77	0.0404876565868337
15.78	0.0557188179374946
15.79	0.0658747104417539
15.8	0.0735680496129283
15.81	0.081889956231433
15.82	0.094979123483684
15.83	0.112893265941745
15.84	0.129386919297483
15.85	0.132070693511808
15.86	0.113928924376773
15.87	0.0746696121912382
15.88	0.0222415033713504
15.89	-0.0367594646913866
15.9	-0.0962097599725172
15.91	-0.151831032578091
15.92	-0.19617146045977
15.93	-0.223111984324891
15.94	-0.23069931837004
15.95	-0.226128372223499
15.96	-0.218422969005826
15.97	-0.213516724806723
15.98	-0.206656883551616
15.99	-0.189683460747501
16	-0.155660508075335
16.01	-0.105572615334871
16.02	-0.0441128152785803
16.03	0.024256829670515
16.04	0.0973003240154669
16.05	0.170604905731416
16.06	0.235671890198902
16.07	0.283769439262446
16.08	0.312761761308329
16.09	0.328399829987967
16.1	0.340025862382071
16.11	0.354913150567303
16.12	0.375134020425287
16.13	0.397946328959877
16.14	0.41968706339093
16.15	0.437803654536835
16.16	0.445820579722899
16.17	0.428100905803702
16.18	0.369301003571712
16.19	0.273637423290991
16.2	0.168487142048377
16.21	0.0828736123482486
16.22	0.0248428487949002
16.23	-0.0159319626002612
16.24	-0.0498257700356838
16.25	-0.0782960333738378
16.26	-0.095759527110749
16.27	-0.0974418196495664
16.28	-0.0784305645200252
16.29	-0.0395980317308871
16.3	0.0145775395465846
16.31	0.0741653453328775
16.32	0.132198373389857
16.33	0.182644080647143
16.34	0.221724676658793
16.35	0.244120381144224
16.36	0.247728125719585
16.37	0.234394086931811
16.38	0.210749000006354
16.39	0.182499877120456
16.4	0.154950140671212
16.41	0.134726587180687
16.42	0.13102776794926
16.43	0.148707832585589
16.44	0.18071346553906
16.45	0.212015866493323
16.46	0.228998438670026
16.47	0.228851533430578
16.48	0.214911152684034
16.49	0.191627622089283
16.5	0.157511465395938
16.51	0.110685082129399
16.52	0.0506662047109845
16.53	-0.0169373603756552
16.54	-0.0851440367477248
16.55	-0.147143661357358
16.56	-0.196901838213305
16.57	-0.227778706156196
16.58	-0.235661885024196
16.59	-0.225191773135175
16.6	-0.207277204383386
16.61	-0.191177673611292
16.62	-0.178582363326691
16.63	-0.170056636514118
16.64	-0.168357074777199
16.65	-0.176841328248097
16.66	-0.19394030650034
16.67	-0.218543525860911
16.68	-0.250639631559019
16.69	-0.28844489052656
16.7	-0.321356206380749
16.71	-0.337870649447326
16.72	-0.333482478124373
16.73	-0.313135753376777
16.74	-0.283666713263395
16.75	-0.249021687662844
16.76	-0.211949620971069
16.77	-0.172949421746195
16.78	-0.133669134071634
16.79	-0.0930660404069219
16.8	-0.0523770895857038
16.81	-0.0102866042066566
16.82	0.0300555448167057
16.83	0.0639880963563267
16.84	0.0829028776135896
16.85	0.0846596783497728
16.86	0.0729777443052767
16.87	0.0574375652000296
16.88	0.0446030688391724
16.89	0.0367436662890683
16.9	0.0293051567137586
16.91	0.0145961946559075
16.92	-0.0163384502948337
16.93	-0.0662369513294102
16.94	-0.129897183207487
16.95	-0.195107829866617
16.96	-0.252880790693154
16.97	-0.301615831191939
16.98	-0.344047942613867
16.99	-0.377376507980849
17	-0.394554064529556
17.01	-0.392145984504251
17.02	-0.375284098045876
17.03	-0.348768710113631
17.04	-0.309800229595364
17.05	-0.253189986810247
17.06	-0.18242435041378
17.07	-0.111301040022636
17.08	-0.0518668256756998
17.09	-0.00562857207817357
17.1	0.0331671541502594
17.11	0.0674126081430668
17.12	0.0938885594407343
17.13	0.109465891578313
17.14	0.115259612612666
17.15	0.113131513219513
17.16	0.100521990270786
17.17	0.0753897635358657
17.18	0.0401907867938438
17.19	0.00530909160624971
17.2	-0.0218713119072299
17.21	-0.0363043831765594
17.22	-0.0397505591067815
17.23	-0.0327751017319983
17.24	-0.0204005512254537
17.25	-0.0078447815088045
17.26	-0.00314162485767163
17.27	-0.00846322018503029
17.28	-0.0226917362331187
17.29	-0.0392889466680184
17.3	-0.0521169550433488
17.31	-0.0540210642390501
17.32	-0.0439827480074028
17.33	-0.031004724877343
17.34	-0.0325868540173137
17.35	-0.0606947338656015
17.36	-0.112087972230877
17.37	-0.17337117250789
17.38	-0.231419690948869
17.39	-0.277606316012494
17.4	-0.303787119597082
17.41	-0.304111730898365
17.42	-0.280274959038074
17.43	-0.245833041895055
17.44	-0.220123848705839
17.45	-0.218842169384034
17.46	-0.242795574589546
17.47	-0.278106238474745
17.48	-0.304577528398853
17.49	-0.310052949959125
17.5	-0.294812477885835
17.51	-0.265998404345351
17.52	-0.228958417971203
17.53	-0.184823331532425
17.54	-0.135830251808121
17.55	-0.0876908484213039
17.56	-0.0463839899368334
17.57	-0.0111979479948051
17.58	0.0229518707754736
17.59	0.0589969967298428
17.6	0.0939385853142641
17.61	0.127507924886223
17.62	0.161403478356556
17.63	0.194281544816234
17.64	0.214651018141679
17.65	0.212315819136351
17.66	0.187466958465584
17.67	0.150205927512176
17.68	0.109766771699094
17.69	0.0712869201305413
17.7	0.0365188876767562
17.71	0.00663082075813775
17.72	-0.0202604787795702
17.73	-0.0437651319590339
17.74	-0.060451265573414
17.75	-0.0649559771941374
17.76	-0.0587303755239888
17.77	-0.0511206637761696
17.78	-0.0518668256756998
17.79	-0.0612331878072247
17.8	-0.0680251828258262
17.81	-0.0605272419375408
17.82	-0.0358985668449867
17.83	-0.00270064114891307
17.84	0.0307859225702408
17.85	0.0605600397139117
17.86	0.0871950975624467
17.87	0.105224444712371
17.88	0.106334996774949
17.89	0.0859178377813459
17.9	0.0507562512833382
17.91	0.0153860458644783
17.92	-0.00704364299299627
17.93	-0.00983684919765219
17.94	0.00600310482357636
17.95	0.0341723639110224
17.96	0.0644833509799161
17.97	0.0878213634338859
17.98	0.101672585361972
17.99	0.111718800612905
18	0.126425387584518
18.01	0.149228320272406
18.02	0.177311706139034
18.03	0.204250350126587
18.04	0.221174392049965
18.05	0.214751963457657
18.06	0.172309118786054
18.07	0.0941269131440275
18.08	0.00130067271177488
18.09	-0.0757341648099919
18.1	-0.117660854542097
18.11	-0.127113180588386
18.12	-0.117290663077976
18.13	-0.0964308091107659
18.14	-0.0638130042746168
18.15	-0.0200900012374348
18.16	0.0253831282290221
18.17	0.0603580904475029
18.18	0.081011899594163
18.19	0.0941404238420289
18.2	0.106865271034365
18.21	0.116344516438467
18.22	0.114159043395011
18.23	0.0975764894502572
18.24	0.073157837449984
18.25	0.0455228088726405
18.26	0.0174990505607251
18.27	-0.00572193731238936
18.28	-0.0124264269848031
18.29	-0.000312719524777083
18.3	0.0201704322072166
18.31	0.0355284439350968
18.32	0.0419917182409167
18.33	0.0414768669103946
18.34	0.0305658087267097
18.35	0.00403996384763983
18.36	-0.0319665331855441
18.37	-0.0582528784943361
18.38	-0.0631726730934353
18.39	-0.0578245468852546
18.4	-0.0569594596010337
18.41	-0.0481868323460847
18.42	-0.00239123675472459
18.43	0.0806150276928405
18.44	0.160172841867723
18.45	0.203006520512373
18.46	0.218493005228768
18.47	0.230394700254479
18.48	0.23320061204653
18.49	0.20517860610183
18.5	0.148546828859397
18.51	0.0938312828073794
18.52	0.0625423470869597
18.53	0.0483610437331761
18.54	0.0344178009885045
18.55	0.017399546035084
18.56	0.00340175940002661
18.57	-0.00905581778437512
18.58	-0.0321366211555455
18.59	-0.0701691158291579
18.6	-0.11217801880323
18.61	-0.145433119370191
18.62	-0.169677757838386
18.63	-0.187668863036012
18.64	-0.194290487615049
18.65	-0.186390893575438
18.66	-0.172609274027232
18.67	-0.164060849817374
18.68	-0.157721574064763
18.69	-0.147696164331105
18.7	-0.137551141857546
18.71	-0.137428341143889
18.72	-0.147036047478797
18.73	-0.158012535466895
18.74	-0.162624109670684
18.75	-0.157869757183913
18.76	-0.142203548095818
18.77	-0.118574762717844
18.78	-0.093718471470733
18.79	-0.0716121938392247
18.8	-0.0480948748115526
18.81	-0.0178761057586089
18.82	0.0172289108436642
18.83	0.0496332765697239
18.84	0.0742484014929337
18.85	0.0911162933396368
18.86	0.101112295578438
18.87	0.10244144705494
18.88	0.0941987198566191
18.89	0.0813630243207143
18.9	0.0724974959193906
18.91	0.0724578555290097
18.92	0.0780603730559047
18.93	0.0843709267443443
18.94	0.0893762256483461
18.95	0.0935816470802685
18.96	0.0946789682425052
18.97	0.0908013425916488
18.98	0.0843836434700718
18.99	0.083893413038505
19	0.0955093977431
19.01	0.119673348066243
19.02	0.150187677511175
19.03	0.180490417574541
19.04	0.204435734766893
19.05	0.216259219729476
19.06	0.210678963783412
19.07	0.185242321468268
19.08	0.144504738278189
19.09	0.0979318349417367
19.1	0.0563091232451463
19.11	0.0257302119716032
19.12	0.00763394830064794
19.13	-0.000495171164854458
19.14	-0.00328169730355508
19.15	-0.00811540963647336
19.16	-0.0216511980636988
19.17	-0.0469030041150135
19.18	-0.0814121065824015
19.19	-0.120423866645869
19.2	-0.155580466677687
19.21	-0.173461422001539
19.22	-0.160012759072428
19.23	-0.114550051989047
19.24	-0.0533876122310058
19.25	0.000851263769347768
19.26	0.0368790739661708
19.27	0.0548816504826361
19.28	0.0600710689345875
19.29	0.0560256521551973
19.3	0.0470843521662506
19.31	0.0384643934637137
19.32	0.0339975836508541
19.33	0.0349753800565828
19.34	0.0386499898891258
19.35	0.0405006666332005
19.36	0.0358285306220449
19.37	0.0248947988830421
19.38	0.0131668099130442
19.39	0.00839267783267394
19.4	0.0138071410942256
19.41	0.0264111364898026
19.42	0.0397405539320755
19.43	0.0498409172874301
19.44	0.0544381555751317
19.45	0.0497638078608665
19.46	0.0308659639678885
19.47	-0.00211711820496339
19.48	-0.0417515940479736
19.49	-0.0806250328380822
19.5	-0.116570290499147
19.51	-0.14859740470281
19.52	-0.171368632363693
19.53	-0.177396449835904
19.54	-0.165745724178943
19.55	-0.142929224138881
19.56	-0.116850435390914
19.57	-0.0904186884006717
19.58	-0.0619420366046021
19.59	-0.0304065836161277
19.6	0.0029215110141405
19.61	0.0346300729477597
19.62	0.0617819538093067
19.63	0.0802055591948868
19.64	0.0865747767306771
19.65	0.0793346441909411
19.66	0.0605813328445915
19.67	0.031565271874274
19.68	-0.00704364299299627
19.69	-0.0521468429533773
19.7	-0.0946889734172112
19.71	-0.124532008714562
19.72	-0.136590645085774
19.73	-0.130695828801004
19.74	-0.10868621283085
19.75	-0.0719323848525643
19.76	-0.0253431075301982
19.77	0.0244893166336724
19.78	0.0699761918934885
19.79	0.107530752537956
19.8	0.135450055169295
19.81	0.153670808363872
19.82	0.160833183398317
19.83	0.156147407735348
19.84	0.141153004751692
19.85	0.121850518155283
19.86	0.105474551750237
19.87	0.0961736046881313
19.88	0.0922477107889568
19.89	0.0894713096115707
19.9	0.082532686149469
19.91	0.0672132450166661
19.92	0.0399206470767828
19.93	0.00216717968767883
19.94	-0.0410112111197325
19.95	-0.0824963763865152
19.96	-0.11775090111445
19.97	-0.142920327022621
19.98	-0.154579949207091
19.99	-0.152058954978278
20	-0.140652746016394
20.01	-0.130352984172382
20.02	-0.128116262109826
20.03	-0.134088435238901
20.04	-0.143604272554653
20.05	-0.154728042629767
20.06	-0.167966872963667
20.07	-0.181752949734259
20.08	-0.18888769327383
20.09	-0.183937805367546
20.1	-0.168237012680728
20.11	-0.148569451519273
20.12	-0.128086246585708
20.13	-0.105750905996379
20.14	-0.0787907508094398
20.15	-0.0477999887298991
20.16	-0.0169387607771913
20.17	0.00577938839444556
20.18	0.013977229064227
20.19	0.00878185369950009
20.2	-0.00195100906766232
20.21	-0.0121791907642076
20.22	-0.0214310842201676
20.23	-0.0290394155298612
20.24	-0.0292551308402288
20.25	-0.0172488477780278
20.26	0.00518268049768759
20.27	0.0315150505680979
20.28	0.0575697752580973
20.29	0.0808366190262576
20.3	0.0982107949137093
20.31	0.106937112429404
20.32	0.110277035609098
20.33	0.115580931309499
20.34	0.128066236236296
20.35	0.144068315125925
20.36	0.156060715063574
20.37	0.15967414397074
20.38	0.158642050137711
20.39	0.158862594815259
20.4	0.163194404628923
20.41	0.170764098247742
20.42	0.180803512111414
20.43	0.194149307438087
20.44	0.21075900518106
20.45	0.229663941081376
20.46	0.248658606967239
20.47	0.265041881363209
20.48	0.276583049571575
20.49	0.284403504070112
20.5	0.291940992745225
20.51	0.300312198763619
20.52	0.305908216634746
20.53	0.303874074433533
20.54	0.291880961696989
20.55	0.268616972023581
20.56	0.232550275690642
20.57	0.183746023698477
20.58	0.126755558349815
20.59	0.0678306171621983
20.6	0.0122563390148017
20.61	-0.035823474713301
20.62	-0.069595995254662
20.63	-0.0818256040973884
20.64	-0.0713068801293812
20.65	-0.0489926576206821
20.66	-0.0319765383602501
20.67	-0.0323431303190682
20.68	-0.0482349472574361
20.69	-0.0692623698751005
20.7	-0.0841034985783049
20.71	-0.0885029894787166
20.72	-0.0830929759330028
20.73	-0.0742519316298815
20.74	-0.0678751052052367
20.75	-0.0681992225064672
20.76	-0.0716570612440899
20.77	-0.0731380490928687
20.78	-0.0689856795975984
20.79	-0.0634096777215192
20.8	-0.0611716381522431
20.81	-0.0638207490254396
20.82	-0.0670246653552301
20.83	-0.0682684157918256
20.84	-0.0686254933081838
20.85	-0.0690235046236201
20.86	-0.0665644273187559
20.87	-0.0572569112362614
20.88	-0.0407210610532597
20.89	-0.0181690436652089
20.9	0.00940486422360297
20.91	0.0406470989939948
20.92	0.0702263212611375
20.93	0.0936428244519891
20.94	0.110046916590861
20.95	0.123935867792223
20.96	0.138541654153437
20.97	0.155369563378847
20.98	0.172989470666059
20.99	0.189733382226555
21	0.199963421673329
21.01	0.196494313247231
21.02	0.173469719051945
21.03	0.134034620069213
21.04	0.0872851441348003
21.05	0.0427315439226322
21.06	0.00232120053178286
21.07	-0.0347579025725211
21.08	-0.0683553535911229
21.09	-0.0943425885717485
21.1	-0.112298080899702
21.11	-0.126259320057089
21.12	-0.141973429077581
21.13	-0.159065873763736
21.14	-0.173119537937236
21.15	-0.181880757517658
21.16	-0.188037253423824
21.17	-0.194223907055671
21.18	-0.198022417780372
21.19	-0.195947474984378
21.2	-0.189027765719714
21.21	-0.184474869524106
21.22	-0.186656539314401
21.23	-0.194010314694042
21.24	-0.200773840824511
21.25	-0.206119178591132
21.26	-0.212529921104015
21.27	-0.219922193828254
21.28	-0.22346557705763
21.29	-0.21978905189708
21.3	-0.210568906861647
21.31	-0.196100964255054
21.32	-0.173519744925475
21.33	-0.143001807607013
21.34	-0.113258577671474
21.35	-0.0921144404158107
21.36	-0.0770598555853086
21.37	-0.0585260306651102
21.38	-0.0316763831190713
21.39	0.000264976246054247
21.4	0.0304357414555322
21.41	0.0531463557686614
21.42	0.0633227507140247
21.43	0.0587386273779229
21.44	0.0411913042644398
21.45	0.0178432523207814
21.46	-0.00456235966591804
21.47	-0.0221672994511597
21.48	-0.0348580286755668
21.49	-0.0400309343560551
21.5	-0.0344978423861522
21.51	-0.0173335346111377
21.52	0.00705364816770223
21.53	0.0364043298982702
21.54	0.070606517899964
21.55	0.106693537889642
21.56	0.133819211692223
21.57	0.142912966322019
21.58	0.134019315186342
21.59	0.11384041364505
21.6	0.0872651337853884
21.61	0.0584647925441278
21.62	0.0330771075779058
21.63	0.015316859333724
21.64	0.00357184737002794
21.65	-0.00634648007178285
21.66	-0.0153779535230615
21.67	-0.0221848877975867
21.68	-0.0259434180125559
21.69	-0.0267408681868471
21.7	-0.0244926676801916
21.71	-0.0215500509408803
21.72	-0.0225716741366471
21.73	-0.0295142491665156
21.74	-0.0379496276597086
21.75	-0.0421356317742401
21.76	-0.0417215785238557
21.77	-0.042941393198154
21.78	-0.0506561995362786
21.79	-0.0639816901209747
21.8	-0.0760293225905947
21.81	-0.0807654343340883
21.82	-0.0753289603611774
21.83	-0.0598589337284952
21.84	-0.0353382770614529
21.85	-0.00443844520712117
21.86	0.0276042770137453
21.87	0.0548839667163557
21.88	0.0729377236064528
21.89	0.0793175468770943
21.9	0.0742083807941098
21.91	0.0621609804674491
21.92	0.050806277156868
21.93	0.0445427361268744
21.94	0.0422418476085657
21.95	0.0408143049684751
21.96	0.0397205435826636
21.97	0.0385787262889513
21.98	0.0348780390249787
21.99	0.0268535561287946
22	0.0160583054030668
22.01	0.00481707387151644
22.02	-0.00672347740240553
22.03	-0.0177325938830611
22.04	-0.0247227866984287
22.05	-0.024410672051397
22.06	-0.017529066084843
22.07	-0.00699416514525079
22.08	0.00718371543887971
22.09	0.0262808569365484
22.1	0.0499858528309792
22.11	0.0729596818594198
22.12	0.0898364636848203
22.13	0.0967213874597838
22.14	0.0933782955307303
22.15	0.0804545557843357
22.16	0.0612716898993028
22.17	0.0420936726566551
22.18	0.0300155241178818
22.19	0.0270745759464228
22.2	0.028454716863752
22.21	0.0288204652829687
22.22	0.0285547686108116
22.23	0.0337014710241594
22.24	0.0480548541127288
22.25	0.069929787466938
22.26	0.0934383265789661
22.27	0.114300649372049
22.28	0.131057783473378
22.29	0.144783074100105
22.3	0.155670513250041
22.31	0.161778940778709
22.32	0.159182329571833
22.33	0.14430838022026
22.34	0.115899943793848
22.35	0.0759042963961412
22.36	0.0300555448167057
22.37	-0.0134266910902774
22.38	-0.0483149886550838
22.39	-0.0740479264694094
22.4	-0.0948190406883887
22.41	-0.112356491077611
22.42	-0.123603928317437
22.43	-0.124567185069184
22.44	-0.116780399167972
22.45	-0.106019833263472
22.46	-0.0969501429007583
22.47	-0.0899593942072433
22.48	-0.0827427948182942
22.49	-0.0746090411633895
22.5	-0.0664543703969904
22.51	-0.0616219969107468
22.52	-0.0616819020622471
22.53	-0.0673948877971305
22.54	-0.076699669295894
22.55	-0.0890240053820928
22.56	-0.103133340869042
22.57	-0.117384538409874
22.58	-0.127595993025116
22.59	-0.130041442084102
22.6	-0.124654471661563
22.61	-0.11499911458991
22.62	-0.105404515527295
22.63	-0.0954077432120358
22.64	-0.0809118478471034
22.65	-0.057048325504893
22.66	-0.0239924089448935
22.67	0.0140089776796675
22.68	0.0512565100186362
22.69	0.0844408745275228
22.7	0.11284836550853
22.71	0.136153332653829
22.72	0.152368805597074
22.73	0.157350762730588
22.74	0.147556316563507
22.75	0.122880964649604
22.76	0.0886758634189289
22.77	0.0526850163753458
22.78	0.0209808513583994
22.79	-0.00579421096454837
22.8	-0.0294452291596421
22.81	-0.049931974671919
22.82	-0.0627924764546088
22.83	-0.0634547659134367
22.84	-0.0511964789704004
22.85	-0.029319773933409
22.86	-0.00168086935060138
22.87	0.0290244012808626
22.88	0.0597408981692908
22.89	0.0859769028345707
22.9	0.103293423664337
22.91	0.110325579692643
22.92	0.111817832513816
22.93	0.115841441323805
22.94	0.129296872725129
22.95	0.151147416618314
22.96	0.17519060910137
22.97	0.19438944160104
22.98	0.207377256130445
22.99	0.21523438396809
23	0.217222348041111
23.01	0.208782115649927
23.02	0.186406409946752
23.03	0.152783069105674
23.04	0.115159560865607
23.05	0.0798485386475874
23.06	0.0485751231974388
23.07	0.0221971641538177
23.08	0.00373193016532331
23.09	-0.0028534783320166
23.1	0.00211109186295769
23.11	0.0141967194929966
23.12	0.0287448669302248
23.13	0.0449248699664064
23.14	0.0626423988340194
23.15	0.0788727394499815
23.16	0.0868749319718559
23.17	0.0816558785376994
23.18	0.0648735527934486
23.19	0.0436136135855178
23.2	0.0250529574637254
23.21	0.0111051658339843
23.22	0.000810419151182809
23.23	-0.0066489117046146
23.24	-0.0112158008453818
23.25	-0.0164386332254983
23.26	-0.0291050532196394
23.27	-0.0536904131733683
23.28	-0.0877753976953924
23.29	-0.124315257455867
23.3	-0.157831630986529
23.31	-0.18503371654985
23.32	-0.203014999958647
23.33	-0.207998771246354
23.34	-0.198582707563906
23.35	-0.177779534753884
23.36	-0.152318779723544
23.37	-0.129518465433536
23.38	-0.113678795009124
23.39	-0.105273977980534
23.4	-0.101872688856091
23.41	-0.101192207796589
23.42	-0.101842673331973
23.43	-0.102660000813713
23.44	-0.101962735428445
23.45	-0.0984827978042898
23.46	-0.0938185232177926
23.47	-0.0914169347117821
23.48	-0.0931881972113171
23.49	-0.0952420022692989
23.5	-0.0919675658971899
23.51	-0.0814428508725867
23.52	-0.0693058451881891
23.53	-0.0611730511070826
23.54	-0.0574797286857437
23.55	-0.0518278075747513
23.56	-0.040901154197967
23.57	-0.027152022335858
23.58	-0.0172489211930761
23.59	-0.012188144661654
23.6	-0.0095249263200745
23.61	-0.00804482868759653
23.62	-0.0123263752377435
23.63	-0.0241118740585753
23.64	-0.0400307039985484
23.65	-0.0549336558571783
23.66	-0.0691557675675997
23.67	-0.0837606427836871
23.68	-0.0951792269778033
23.69	-0.0965331254026973
23.7	-0.0858944248506718
23.71	-0.0693050864456639
23.72	-0.0565092267392655
23.73	-0.0547246239986524
23.74	-0.0659341013122804
23.75	-0.086573107713232
23.76	-0.110156973512626
23.77	-0.130093731623555
23.78	-0.14420458303701
23.79	-0.154519485075579
23.8	-0.163164389104806
23.81	-0.165874363192066
23.82	-0.155290316611215
23.83	-0.129687073992326
23.84	-0.0960296668278099
23.85	-0.0609749623641977
23.86	-0.0250829729878432
23.87	0.0120297842638594
23.88	0.044953249953881
23.89	0.0673828532329191
23.9	0.0772499539047218
23.91	0.0753424603951844
23.92	0.0600610637598815
23.93	0.032734954760754
23.94	0.00114058991647951
23.95	-0.0245454417638965
23.96	-0.0415414853791484
23.97	-0.0538830089892569
23.98	-0.0653538011793347
23.99	-0.074306119512972
24	-0.0765495916753046
24.01	-0.069111798207754
24.02	-0.0536777622974787
24.03	-0.0356893290765261
24.04	-0.0219013274313478
24.05	-0.0153678790443521
24.06	-0.015498015619533
24.07	-0.0205014693615478
24.08	-0.0295152653825838
24.09	-0.041483988813491
24.1	-0.0538978761410098
24.11	-0.0644164912032706
24.12	-0.0704364299299627
24.13	-0.0691355057573021
24.14	-0.0564692060404417
24.15	-0.0317491791041478
24.16	8.00413976476849e-05
24.17	0.0293388637376506
24.18	0.0489653250109712
24.19	0.0591299787781085
24.2	0.0643332733593267
24.21	0.0660027074546597
24.22	0.0624523005146061
24.23	0.0548500906170447
24.24	0.0486951852939103
24.25	0.0457762580191425
24.26	0.0422818683073895
24.27	0.035884183411699
24.28	0.0323767453484885
24.29	0.0373668868392424
24.3	0.0489553198362652
24.31	0.0603516132375845
24.32	0.0695659797305441
24.33	0.0783024726856501
24.34	0.0859244403747897
24.35	0.0885620102237282
24.36	0.0857443472300824
24.37	0.0831478605110323
24.38	0.0868349112730321
24.39	0.0966032418529667
24.4	0.107535617739665
24.41	0.116332934339255
24.42	0.125094699348625
24.43	0.135586590203785
24.44	0.145435219525843
24.45	0.149972974155401
24.46	0.149537341155287
24.47	0.149007626255374
24.48	0.15237881077178
24.49	0.157642662802244
24.5	0.159482484813012
24.51	0.153493105723532
24.52	0.139402099178149
24.53	0.118738310680095
24.54	0.0938085180430866
24.55	0.0665173149246164
24.56	0.0409912007703206
24.57	0.0225038489197456
24.58	0.0160282898789489
24.59	0.0219113029012524
24.6	0.0356484374773376
24.61	0.0493835434434788
24.62	0.0575497649086854
24.63	0.0589461359172453
24.64	0.0564191801669119
24.65	0.0518173912625536
24.66	0.0459037415509473
24.67	0.0399944350623227
24.68	0.0390101761785404
24.69	0.0466974159483785
24.7	0.061211658851067
24.71	0.0739731227137895
24.72	0.0780403627064927
24.73	0.0728652592090552
24.74	0.0644533354557982
24.75	0.0569260017644584
24.76	0.0498057596862719
24.77	0.0400758623026373
24.78	0.0288349135025785
24.79	0.0217350102768624
24.8	0.021841296383112
24.81	0.0240660819889844
24.82	0.0204305667495716
24.83	0.0110240197464642
24.84	0.00386199743650079
24.85	0.00244789559007978
24.86	0.00100051747059606
24.87	-0.00538361826310216
24.88	-0.0110257025259686
24.89	-0.00726369003945129
24.9	0.00619320314298962
24.91	0.0225802883337861
24.92	0.0362787634838132
24.93	0.0446588918354085
24.94	0.0437326186397538
24.95	0.0308884108904052
24.96	0.00869449681947977
24.97	-0.0150574430626823
24.98	-0.0338675163796767
24.99	-0.0444744902497085
25	-0.0471443832144864
25.01	-0.0439158580512602
25.02	-0.0378695862620609
25.03	-0.0297227026030584
25.04	-0.0185595990795569
25.05	-0.00426838775252077
25.06	0.00751388620417642
25.07	0.00806348488152328
25.08	-0.00855442437359632
25.09	-0.0388578952278971
25.1	-0.0745085360352886
25.11	-0.110514549697843
25.12	-0.146875964683502
25.13	-0.180510837171243
25.14	-0.201524228927459
25.15	-0.202731416183168
25.16	-0.187346896369112
25.17	-0.165647488291435
25.18	-0.145485245399373
25.19	-0.131066517426708
25.2	-0.125765046053925
25.21	-0.130478606045455
25.22	-0.141102978878162
25.23	-0.151438087734827
25.24	-0.157831630986529
25.25	-0.159079372082814
25.26	-0.152869064332372
25.27	-0.137202722411933
25.28	-0.112087972230877
25.29	-0.0803800667974306
25.3	-0.0448131775079976
25.31	-0.00860528728853092
25.32	0.0237222692278326
25.33	0.0462303751544803
25.34	0.0545081917980734
25.35	0.0493926584368201
25.36	0.0358385357967509
25.37	0.0209773934535376
25.38	0.0101852678506679
25.39	0.00829280843687561
25.4	0.0170788332230748
25.41	0.0347423479427284
25.42	0.0557188179374946
25.43	0.0765671080844583
25.44	0.0962297703219291
25.45	0.113784868713808
25.46	0.123874068034498
25.47	0.122573778565549
25.48	0.112168013628524
25.49	0.102367492459999
25.5	0.0995915090231319
25.51	0.100637261744782
25.52	0.0959296150807503
25.53	0.0812737696927994
25.54	0.0614918037428339
25.55	0.0424328200616699
25.56	0.0250229419396075
25.57	0.00838529542323793
25.58	-0.00551285126298429
25.59	-0.0158835682443753
25.6	-0.0257132989943188
25.61	-0.0368840844775609
25.62	-0.0460538191715367
25.63	-0.0509836498087877
25.64	-0.0545882331957211
25.65	-0.0601054688611645
25.66	-0.0634628231599081
25.67	-0.0596268561742678
25.68	-0.0484350507515553
25.69	-0.0348483579096551
25.7	-0.0207407271654563
25.71	-0.0064822788588834
25.72	0.00588304272710484
25.73	0.0117681146962905
25.74	0.0101452471518441
25.75	0.00556282840117003
25.76	0.00406210093062001
25.77	0.00777809129145527
25.78	0.0144174567512892
25.79	0.0226852909724325
25.8	0.0332572007226131
25.81	0.0464460447425822
25.82	0.0595808153739954
25.83	0.0716965783542147
25.84	0.0848138659824281
25.85	0.10004444915152
25.86	0.112127992929701
25.87	0.114347650723004
25.88	0.104353972183169
25.89	0.0854649236378506
25.9	0.0609715346581239
25.91	0.0331619208039316
25.92	0.00317164038178951
25.93	-0.0283212604841177
25.94	-0.0606113483687094
25.95	-0.0897788674996631
25.96	-0.110046916590861
25.97	-0.119102070469009
25.98	-0.120212174092117
25.99	-0.116303813409741
26	-0.106885281383777
26.01	-0.0924093810177149
26.02	-0.0780003420076689
26.03	-0.0689270201092872
26.04	-0.0652537494322751
26.05	-0.0645917118985095
26.06	-0.0661342048063996
26.07	-0.0696187494161757
26.08	-0.0719772268346806
26.09	-0.0700932402798076
26.1	-0.0646634441246234
26.11	-0.0595174816600992
26.12	-0.0567793664563264
26.13	-0.0555461085951656
26.14	-0.0545282021474853
26.15	-0.0536643939311234
26.16	-0.0529974104174733
26.17	-0.0507292564210697
26.18	-0.0453334465927075
26.19	-0.0377491147409701
26.2	-0.031236155432009
26.21	-0.0268055410447159
26.22	-0.0231519742695928
26.23	-0.0201405997879724
26.24	-0.0219113326060537
26.25	-0.0316536006390919
26.26	-0.0470043107686029
26.27	-0.0606655641370413
26.28	-0.0677150224099414
26.29	-0.0677858182462144
26.3	-0.0635128490334379
26.31	-0.0561466717983351
26.32	-0.0458437105027115
26.33	-0.0327534831709549
26.34	-0.0177291695789622
26.35	-0.00131888912834395
26.36	0.0158081760354178
26.37	0.0311863114854903
26.38	0.040631014480906
26.39	0.0415795888156827
26.4	0.0349080545490966
26.41	0.0233384841649868
26.42	0.00859444507242016
26.43	-0.00777787881476177
26.44	-0.0235922019566551
26.45	-0.0368655366817412
26.46	-0.0470543366421327
26.47	-0.0532251019508237
26.48	-0.0523870947604097
26.49	-0.0413572178210546
26.5	-0.0209508358342815
26.51	0.00321680700209262
26.52	0.024122476216071
26.53	0.0382224361304429
26.54	0.0455535604362386
26.55	0.047340137667341
26.56	0.0437126082903419
26.57	0.035557150118518
26.58	0.0248728643190181
26.59	0.0130192923037072
26.6	0.000770398452358967
26.61	-0.00956057825650002
26.62	-0.0134169392806932
26.63	-0.0096886380084931
26.64	-0.00194100389295636
26.65	0.00579494211361009
26.66	0.0143073998295237
26.67	0.024998137455739
26.68	0.0355784012543959
26.69	0.0404218127343511
26.7	0.0365288928514622
26.71	0.0240801551776059
26.72	0.00575297545592735
26.73	-0.0150074046953882
26.74	-0.032246678077311
26.75	-0.0403923284430982
26.76	-0.0360286341161641
26.77	-0.0210948570453564
26.78	0.000410212162944385
26.79	0.0238446758775033
26.8	0.0461038450450665
26.81	0.0639884536698776
26.82	0.0768197313923655
26.83	0.0879393844718084
26.84	0.102773154579627
26.85	0.121852648341397
26.86	0.139912363088153
26.87	0.152675420496441
26.88	0.161743654296559
26.89	0.169420966339046
26.9	0.173339651780767
26.91	0.169469621678362
26.92	0.159492489987718
26.93	0.149810420338984
26.94	0.144934960790545
26.95	0.143520401704852
26.96	0.14118302027581
26.97	0.135394542402128
26.98	0.126815589398051
26.99	0.117604078303315
27	0.10858616108379
27.01	0.0986639891075593
27.02	0.085854404151848
27.03	0.0688716703025977
27.04	0.0495856458427408
27.05	0.0332886771816081
27.06	0.0246227349513691
27.07	0.0215815617693305
27.08	0.0184795576819092
27.09	0.0139431765214711
27.1	0.0129166805453951
27.11	0.0161774494102493
27.12	0.0174290143377834
27.13	0.0115493530705961
27.14	0.00388200778591272
27.15	0.00221069119353893
27.16	0.00623322384181346
27.17	0.00744578968954238
27.18	0.0016008279529537
27.19	-0.00782822012367324
27.2	-0.0150677931071767
27.21	-0.0211481944379664
27.22	-0.0294152136355242
27.23	-0.0396842208212341
27.24	-0.0463639795874215
27.25	-0.0480076464333942
27.26	-0.0479447971909632
27.27	-0.0485744561358339
27.28	-0.0453434517674135
27.29	-0.0355322828922871
27.3	-0.024382610758426
27.31	-0.0208768652762132
27.32	-0.0253731230543161
27.33	-0.0298744023207368
27.34	-0.0263736405249122
27.35	-0.0139665943320603
27.36	0.00437226134650478
27.37	0.025631455714174
27.38	0.0481949265586122
27.39	0.0701386648114507
27.4	0.0894762773954057
27.41	0.105484565804301
27.42	0.119161630747991
27.43	0.13182073823022
27.44	0.142623765433468
27.45	0.150072215044644
27.46	0.153069167826491
27.47	0.152755087307607
27.48	0.149237185914108
27.49	0.142673600694223
27.5	0.132468513106918
27.51	0.120414864692116
27.52	0.108105912697904
27.53	0.097148168012392
27.54	0.0868048957489142
27.55	0.0761009687786092
27.56	0.0636929421781452
27.57	0.0498591848083001
27.58	0.0345978941332118
27.59	0.0177739257691993
27.6	-0.00129066753706892
27.61	-0.0219902667439598
27.62	-0.0435725358444584
27.63	-0.0665270755941491
27.64	-0.0922977366624866
27.65	-0.120486080100093
27.66	-0.147726404533508
27.67	-0.171321845878997
27.68	-0.18955803997913
27.69	-0.2005081021374
27.7	-0.200523711456862
27.71	-0.189935214590225
27.72	-0.174020003660773
27.73	-0.159559359499333
27.74	-0.1482166580941
27.75	-0.13880842633423
27.76	-0.130727612708081
27.77	-0.12598706873077
27.78	-0.12535483389098
27.79	-0.12787872525608
27.8	-0.131087798997496
27.81	-0.132435177400341
27.82	-0.127626008549234
27.83	-0.112170024062274
27.84	-0.0854642023383155
27.85	-0.0545460471679438
27.86	-0.0297753999249388
27.87	-0.0152395298185746
27.88	-0.00656339460711016
27.89	0.00268708004107067
27.9	0.0120262199965646
27.91	0.0184844724627409
27.92	0.0216612032384047
27.93	0.0265571982904812
27.94	0.035308261537335
27.95	0.0458539632237811
27.96	0.0531174725139449
27.97	0.0559435687538065
27.98	0.0568293923298562
27.99	0.0603326908806675
28	0.0676149706628818
28.01	0.0761125984051752
28.02	0.0806617184794544
28.03	0.0780825638667334
28.04	0.068055198349944
28.05	0.0526155438373311
28.06	0.033267205897319
28.07	0.0104636652083679
28.08	-0.0147676378659979
28.09	-0.0390631376523496
28.1	-0.0579299615475119
28.11	-0.0694017751895907
28.12	-0.0755890949035324
28.13	-0.079292179894087
28.14	-0.0802715166659219
28.15	-0.0753358777508641
28.16	-0.0631026368704935
28.17	-0.0468146952546905
28.18	-0.0316963934684832
28.19	-0.019662755027654
28.2	-0.00789408284300292
28.21	0.00651073670751636
28.22	0.0231819897937107
28.23	0.0389765726348451
28.24	0.0515166445609912
28.25	0.0585875650154596
28.26	0.0579999977704536
28.27	0.0484122958706859
28.28	0.0313862330525984
28.29	0.0102852574559743
28.3	-0.0118261165024454
28.31	-0.031795056621424
28.32	-0.0468242176238956
28.33	-0.0550610893963318
28.34	-0.0575397597339794
28.35	-0.0556934884450863
28.36	-0.0508663082051037
28.37	-0.043041739824033
28.38	-0.0330871127526117
28.39	-0.0212052602265845
28.4	-0.00808418116241617
28.41	0.00522102962688994
28.42	0.0150277724083528
28.43	0.0169314419011715
28.44	0.00965499359125199
28.45	-0.00240029452212715
28.46	-0.013216835786574
28.47	-0.0222868868176023
28.48	-0.0328069678608448
28.49	-0.0446643589735774
28.5	-0.0515166445609912
28.51	-0.050381671265792
28.52	-0.0474245281062533
28.53	-0.0521988774969843
28.54	-0.0664243548728725
28.55	-0.0838229990153087
28.56	-0.097790577576059
28.57	-0.106656179875498
28.58	-0.110387092530863
28.59	-0.107864890333157
28.6	-0.0973103291901729
28.61	-0.0798947185964689
28.62	-0.0587804013975186
28.63	-0.0366101544882715
28.64	-0.0133068823589276
28.65	0.0109705188838471
28.66	0.0337674646326171
28.67	0.051383912103295
28.68	0.0625623574363717
28.69	0.069208215939153
28.7	0.0743984791135231
28.71	0.0808674469740683
28.72	0.0895863343171713
28.73	0.0995285220324946
28.74	0.10831602136673
28.75	0.115924199065071
28.76	0.123543897269202
28.77	0.130706736021168
28.78	0.132778673522803
28.79	0.127081075010363
28.8	0.114579260732661
28.81	0.0992240704266847
28.82	0.0821424843359366
28.83	0.0642288580638548
28.84	0.0472144194374281
28.85	0.0344310320018729
28.86	0.0264336715731479
28.87	0.0211453581933079
28.88	0.0156180777160045
28.89	0.00859638358413864
28.9	-0.000380196638826503
28.91	-0.0120949324139101
28.92	-0.0267038112902089
28.93	-0.0422258423141982
28.94	-0.0558288748592602
28.95	-0.0679799079266592
28.96	-0.081782298046522
28.97	-0.0983387938640978
28.98	-0.113328613894416
28.99	-0.122630790771464
29	-0.125965149548044
29.01	-0.125638288502068
29.02	-0.121662924424481
29.03	-0.114054885535641
29.04	-0.104844225743761
29.05	-0.0970312204166044
29.06	-0.0910270794748296
29.07	-0.0862918136432218
29.08	-0.0822425360829962
29.09	-0.0775147464935825
29.1	-0.0695459693811322
29.11	-0.0588864711806684
29.12	-0.0496156613668587
29.13	-0.0440365348329408
29.14	-0.0387300312867735
29.15	-0.0291284514691978
29.16	-0.0165885796624827
29.17	-0.00705328939425685
29.18	-0.00477246833474321
29.19	-0.00746074095017366
29.2	-0.0105254437906706
29.21	-0.0105215958024444
29.22	-0.00745385515594065
29.23	-0.000791492000011475
29.24	0.00978506086242947
29.25	0.0232672073122455
29.26	0.0353883029349827
29.27	0.0429254709219853
29.28	0.0457836794544757
29.29	0.0453389595387927
29.3	0.0412913560114994
29.31	0.033528776013409
29.32	0.0240324296437174
29.33	0.0144461240096375
29.34	0.00433224064768094
29.35	-0.0068572452315282
29.36	-0.0181994127901423
29.37	-0.0306624547281148
29.38	-0.0454835242132969
29.39	-0.0592133057618478
29.4	-0.0638230094493227
29.41	-0.0577793045337994
29.42	-0.0476246316003725
29.43	-0.0382859518370386
29.44	-0.0254331541025519
29.45	-0.00550533101593155
29.46	0.0157881656860058
29.47	0.0294351113441492
29.48	0.0367390015202873
29.49	0.0474204894142718
29.5	0.066044158234046
29.51	0.084796130517855
29.52	0.0939485904889701
29.53	0.094869798107894
29.54	0.0976605103048815
29.55	0.106765112616732
29.56	0.116280140432674
29.57	0.121521471167281
29.58	0.126465408283342
29.59	0.135107572292958
29.6	0.142153522222288
29.61	0.140820596711616
29.62	0.132598580378096
29.63	0.123593077483616
29.64	0.113638774310301
29.65	0.0988170505512213
29.66	0.0783105024235537
29.67	0.0546829043623534
29.68	0.0293151618884646
29.69	0.00443610157606191
29.7	-0.0143674308777594
29.71	-0.0232375712059181
29.72	-0.0245727090778392
29.73	-0.0243250748028694
29.74	-0.0244026211078379
29.75	-0.0235666631505038
29.76	-0.0208607892619279
29.77	-0.0183369242926506
29.78	-0.0173689832895476
29.79	-0.0184217423541865
29.8	-0.0215711566660511
29.81	-0.0289998948422208
29.82	-0.0406009989567881
29.83	-0.0522038249671528
29.84	-0.0564291853416178
29.85	-0.0513884381699897
29.86	-0.0414714491562067
29.87	-0.032322600526348
29.88	-0.022601689660765
29.89	-0.00754750147823064
29.9	0.0133869237565753
29.91	0.0326837190671686
29.92	0.0424319459279789
29.93	0.0425589815816247
29.94	0.0398205953297232
29.95	0.0389426635072444
29.96	0.0384799019191245
29.97	0.0360824310374401
29.98	0.0339675681267363
29.99	0.036302635471778
30	0.0434724840973988
30.01	0.0520844462185158
30.02	0.0589104686686961
30.03	0.0624586334706907
30.04	0.0625823677857836
30.05	0.0608112374382682
30.06	0.060191131031059
30.07	0.0618063662921015
30.08	0.0627724661051969
30.09	0.0589245624148077
30.1	0.0503060184215699
30.11	0.041436816139573
30.12	0.0366489549479337
30.13	0.0348732401158216
30.14	0.0321866470290753
30.15	0.0269198264247396
30.16	0.0216211825395809
30.17	0.0176607092567127
30.18	0.013967223889521
30.19	0.0110757305638669
30.2	0.0135169910277528
30.21	0.0234918718925123
30.22	0.0374893896232344
30.23	0.0511971746525962
30.24	0.0646934596487413
30.25	0.0776836482551922
30.26	0.0857043265312586
30.27	0.0845691313281989
30.28	0.0771198866335444
30.29	0.0693983353484856
30.3	0.0640831439916777
30.31	0.0596975644114534
30.32	0.0554786937445516
30.33	0.0512079290892876
30.34	0.0459337570750651
30.35	0.039169770688163
30.36	0.0327069161137852
30.37	0.0284705254375394
30.38	0.0252230454337267
30.39	0.0206941815125465
30.4	0.0142873894801117
30.41	0.00803052299130446
30.42	0.00381197156297099
30.43	0.00274842818284273
30.44	0.00388200778591272
30.45	0.00467416334785467
30.46	0.00305157828531799
30.47	0.00111081711509524
30.48	0.00362187324355774
30.49	0.0119242435671162
30.5	0.0203004994783941
30.51	0.0212504651704693
30.52	0.0120462303459766
30.53	-0.00471864420736669
30.54	-0.025663273120789
30.55	-0.0486119226688611
30.56	-0.0709466938399667
30.57	-0.0893290825149882
30.58	-0.100501979921374
30.59	-0.103297857266887
30.6	-0.0997916125172511
30.61	-0.0960289022693078
30.62	-0.0966499876595795
30.63	-0.0997947308536415
30.64	-0.0996415348966617
30.65	-0.0967442235696978
30.66	-0.0986009967272418
30.67	-0.109145674550229
30.68	-0.120742448351533
30.69	-0.123074075757359
30.7	-0.113648779485007
30.71	-0.097515623705191
30.72	-0.0781404144535523
30.73	-0.0559395854049113
30.74	-0.0321066056314276
30.75	-0.0104999180288582
30.76	0.00675349292652341
30.77	0.0213931057308571
30.78	0.0351481787420396
30.79	0.0463468555893163
30.8	0.0514165928139316
30.81	0.0519976007170186
30.82	0.0542780727798363
30.83	0.0629542336124632
30.84	0.0749587688970569
30.85	0.0850294328432716
30.86	0.0903567327695302
30.87	0.0917421327585532
30.88	0.0887258892924587
30.89	0.082612144253931
30.9	0.075689146650592
30.91	0.0700020735232965
30.92	0.0628925282016684
30.93	0.0530575404802732
30.94	0.0417215785238557
30.95	0.0304283192793987
30.96	0.0168987400783675
30.97	0.000265388895650965
30.98	-0.0155280311436509
30.99	-0.0261911281986939
31	-0.0328669989090806
31.01	-0.0404208696641573
31.02	-0.0513365514162839
31.03	-0.0654635139693909
31.04	-0.081772292871816
31.05	-0.0990314571877417
31.06	-0.115039498769135
31.07	-0.129060877232445
31.08	-0.141303082372282
31.09	-0.15015534052051
31.1	-0.150898044915298
31.11	-0.14127102293553
31.12	-0.124694492360387
31.13	-0.106789682710324
31.14	-0.0889560083106957
31.15	-0.0687642164349679
31.16	-0.0452333948456479
31.17	-0.021945737079664
31.18	-0.00387200261120675
31.19	0.00724087317844624
31.2	0.012956701244219
31.21	0.0152511948740627
31.22	0.0141673273836402
31.23	0.0104016419207519
31.24	0.00553286161239622
31.25	0.00106018385100412
31.26	-0.00453234414180015
31.27	-0.0122427805792802
31.28	-0.0210208720572232
31.29	-0.0274170441712526
31.3	-0.0305758139014156
31.31	-0.0314606358000328
31.32	-0.0318064503902488
31.33	-0.0315047384330267
31.34	-0.0302056224372951
31.35	-0.0275238502756473
31.36	-0.0247728125719585
31.37	-0.0244966719118474
31.38	-0.029215110141405
31.39	-0.0386728587635187
31.4	-0.0503860598192176
31.41	-0.0624364633113287
31.42	-0.0739682566011668
31.43	-0.0833558144020072
31.44	-0.087375190707154
31.45	-0.0848026228724169
31.46	-0.0778902850859033
31.47	-0.0699145185292491
31.48	-0.059690872295761
31.49	-0.0427342451746123
31.5	-0.0178192161513158
31.51	0.00757517981518978
31.52	0.0227717776307663
31.53	0.0242812728786062
31.54	0.0184695525072033
31.55	0.0129603208874979
31.56	0.00979506603713543
31.57	0.00807176548029542
31.58	0.00887458996418706
31.59	0.0131873475845731
31.6	0.0187697077483821
31.61	0.0233301929616634
31.62	0.0289849911231679
31.63	0.0396668903701409
31.64	0.0544181452257197
31.65	0.0677392503002485
31.66	0.0748487119752913
31.67	0.0760427367445762
31.68	0.0736681013599879
31.69	0.0695967670482695
31.7	0.0637629784010869
31.71	0.0569059345930961
31.72	0.0510263910003991
31.73	0.048536460738154
31.74	0.0493255113003858
31.75	0.050627412452744
31.76	0.049535619969211
31.77	0.0456075350110243
31.78	0.0403108488903153
31.79	0.0351039499502037
31.8	0.0298854568467043
31.81	0.0240082597014139
31.82	0.0174690350366072
31.83	0.0109066255229915
31.84	0.00408211128003193
31.85	-0.00487974450537816
31.86	-0.0171188539218986
31.87	-0.0305510423213709
31.88	-0.0403408644144332
31.89	-0.0441819818065929
31.9	-0.0439527324832849
31.91	-0.0434839462831287
31.92	-0.0436025513685763
31.93	-0.0430256094957495
31.94	-0.040881143848555
31.95	-0.038540583870505
31.96	-0.0378895966114728
31.97	-0.0399199175835614
31.98	-0.0428921839644531
31.99	-0.0427901565984149
32	-0.036328789357343
32.01	-0.0258462503436729
32.02	-0.0176091074824907
32.03	-0.0151945576720235
32.04	-0.0152078655530601
32.05	-0.0122181125009012
32.06	-0.00460238036474188
32.07	0.00513737748104163
32.08	0.0146275654201144
32.09	0.0224531839735839
32.1	0.0267938578625625
32.11	0.0253796681829549
32.12	0.0184495421577914
32.13	0.00944122808739851
32.14	0.00261135059825572
32.15	-0.000443489638550208
32.16	-0.000600310482357636
32.17	0.00127047093394956
32.18	0.0055628771365141
32.19	0.0122717618883596
32.2	0.019299982007798
32.21	0.0240316265182825
32.22	0.025893392139026
32.23	0.0271841256239238
32.24	0.0301956172625891
32.25	0.0354682311211724
32.26	0.0420817648132703
32.27	0.0497325094185772
32.28	0.0585903030781053
32.29	0.0681110309217835
32.3	0.0762594416088317
32.31	0.0810624298269342
32.32	0.0814821428053432
32.33	0.0771781512084141
32.34	0.0681652552717096
32.35	0.0563711673940211
32.36	0.04520337932153
32.37	0.0371150492030497
32.38	0.0307459018714169
32.39	0.0227086762062171
32.4	0.0110056921765567
32.41	-0.00282591333987409
32.42	-0.0151378293301184
32.43	-0.0230932825217139
32.44	-0.0259234076631439
32.45	-0.0250571818514702
32.46	-0.0231419690948869
32.47	-0.0239935180784833
32.48	-0.0293952032861123
32.49	-0.0373205017039418
32.5	-0.043682592766224
32.51	-0.0483354755277257
32.52	-0.0539679123639515
32.53	-0.0602675092395444
32.54	-0.06197205212872
32.55	-0.0571363532142433
32.56	-0.050296013246864
32.57	-0.0461730979335526
32.58	-0.041911676843269
32.59	-0.0321305206155826
32.6	-0.0171888901448403
32.61	-0.00333226709766872
32.62	0.00649335838416843
32.63	0.0160265290726614
32.64	0.0292751411896407
32.65	0.0428009925512854
32.66	0.0488452629144997
32.67	0.0450029050845435
32.68	0.0362987738332251
32.69	0.0272518702352569
32.7	0.0172289108436642
32.71	0.00685738242447231
32.72	0.00205106081472192
32.73	0.00705931748539756
32.74	0.0168887349036615
32.75	0.0237874710795052
32.76	0.0262435732537347
32.77	0.0283993002370213
32.78	0.0315863365467176
32.79	0.03435473121327
32.8	0.0359385875438105
32.81	0.0370500940717266
32.82	0.0371992395567615
32.83	0.0359530498764012
32.84	0.0338775215543826
32.85	0.0300613778094962
32.86	0.0222715188954683
32.87	0.0113266570587089
32.88	0.00276142821884513
32.89	-0.000132530864960552
32.9	-2.00103494119212e-05
32.91	-0.00155465297325119
32.92	-0.00565292370886774
32.93	-0.0117105710317212
32.94	-0.0205906495448669
32.95	-0.0324546523158607
32.96	-0.0433924426997511
32.97	-0.0481704722551745
32.98	-0.0452434000203539
32.99	-0.0372417758709
33	-0.0266337750672671
33.01	-0.0140808958978595
33.02	-0.000730377753535124
33.03	0.00982477453113894
33.04	0.0148876999624694
33.05	0.0163559659048412
33.06	0.0189197853689715
33.07	0.0234137347535302
33.08	0.0261835422054989
33.09	0.0254448250750639
33.1	0.0245426935537214
33.11	0.0259850436414562
33.12	0.025903397313732
33.13	0.0193417421058437
33.14	0.00809418633712213
33.15	-0.000457457075871352
33.16	-0.00242125227884247
33.17	-0.000552488800560751
33.18	-0.000110056921765567
33.19	-0.00310556778207148
33.2	-0.00781404144535523
33.21	-0.0105286215367391
33.22	-0.00910470898242415
33.23	-0.00504766382580494
33.24	-0.00150077620589409
33.25	0.000354037356617697
33.26	0.00130067271177488
33.27	-0.000486224255457878
33.28	-0.00742383963182277
33.29	-0.0172611767829899
33.3	-0.0231819897937107
33.31	-0.0239454532209288
33.32	-0.0258133507413784
33.33	-0.032760688067391
33.34	-0.0388901140820689
33.35	-0.0368221097213468
33.36	-0.0280144891766897
33.37	-0.0191449456762617
33.38	-0.0122763493642137
33.39	-0.00400076891195969
33.4	0.0069335860712307
33.41	0.0181603320533228
33.42	0.0279044322549241
33.43	0.0376337525831322
33.44	0.0489453146615593
33.45	0.0616985502616727
33.46	0.0730577857029244
33.47	0.0790827697808673
33.48	0.0772299435553099
33.49	0.0695952436735098
33.5	0.0597008774704669
33.51	0.0479258724248768
33.52	0.0310260467631838
33.53	0.00973500004885391
33.54	-0.0103053299471394
33.55	-0.0238648593468488
33.56	-0.0325768488426077
33.57	-0.0399800274908909
33.58	-0.0465940986056585
33.59	-0.049527725386407
33.6	-0.0494755889209752
33.61	-0.0506187696805994
33.62	-0.0557688438110244
33.63	-0.0613098891270502
33.64	-0.0625223367375478
33.65	-0.0606286846897725
33.66	-0.062232186671075
33.67	-0.0702423019836365
33.68	-0.0804315994612173
33.69	-0.0888422732644249
33.7	-0.0968100704548748
33.71	-0.106094524156301
33.72	-0.11321855697265
33.73	-0.114885448476738
33.74	-0.113718815707948
33.75	-0.11466643075739
33.76	-0.11795100460857
33.77	-0.120896798240109
33.78	-0.122873550563902
33.79	-0.124039071747561
33.8	-0.122293250430956
33.81	-0.115495174027433
33.82	-0.105314468954941
33.83	-0.0944599350167377
33.84	-0.0830329448847671
33.85	-0.069896584041059
33.86	-0.056629288835737
33.87	-0.0462809470617042
33.88	-0.0395104349138384
33.89	-0.033730258252903
33.9	-0.0260334645849095
33.91	-0.0154816615844115
33.92	-0.00349180597238025
33.93	0.00771651270873058
33.94	0.0163284451201277
33.95	0.0224733533206433
33.96	0.02640365604903
33.97	0.0274446068063037
33.98	0.0240724503425412
33.99	0.0172413639649535
34	0.0108255990318494
34.01	0.0092810626882897
34.02	0.0135670169012826
34.03	0.0211665491562524
34.04	0.02895497559905
34.05	0.0363899476888338
34.06	0.0443929601703472
34.07	0.0524065695574149
34.08	0.0582201116139848
34.09	0.0608110914030514
34.1	0.0607714311640047
34.11	0.0573929899804087
34.12	0.049025356059207
34.13	0.0377069157607133
34.14	0.0301155758649414
34.15	0.0310812898889316
34.16	0.0387000157626556
34.17	0.0477007073750761
34.18	0.055868895558084
34.19	0.0636353677897117
34.2	0.0705064661529044
34.21	0.074075855089682
34.22	0.0743984791135231
34.23	0.074460825794389
34.24	0.0762394312594198
34.25	0.0763274191241594
34.26	0.070606517899964
34.27	0.0608370989220348
34.28	0.0537778140445383
34.29	0.0510555626740512
34.3	0.0467141607021301
34.31	0.0362077144316968
34.32	0.0237422795772445
34.33	0.0156512923251082
34.34	0.0122263234906839
34.35	0.0103344536809375
34.36	0.0109856818271447
34.37	0.0178911483717062
34.38	0.0306958759978871
34.39	0.0439543094761419
34.4	0.0535777105504191
34.41	0.0597349325477092
34.42	0.0639230611963823
34.43	0.0644059736992874
34.44	0.0586403289516351
34.45	0.0473470923825475
34.46	0.0348680338502727
34.47	0.022567958608553
34.48	0.00865447612065592
34.49	-0.00678169434419053
34.5	-0.0183995162842616
34.51	-0.0232448536606329
34.52	-0.0242525434872485
34.53	-0.0247598580656444
34.54	-0.022591684486059
34.55	-0.0156165812328928
34.56	-0.00756391207770622
34.57	-0.00324257910030415
34.58	-0.00206106598942789
34.59	-0.000684515008211294
34.6	0.000560289783533794
34.61	-0.000386310210812157
34.62	-0.00108055886824375
34.63	0.00405675672886857
34.64	0.0171288590966046
34.65	0.0332651777128386
34.66	0.0458537156774175
34.67	0.0520638694442489
34.68	0.0536877674721846
34.69	0.0527303980457879
34.7	0.0484650662756732
34.71	0.0393592797577638
34.72	0.0256332575966711
34.73	0.00923112849623867
34.74	-0.00818423290947578
34.75	-0.0243998445685756
34.76	-0.0363387945320489
34.77	-0.0417657274056058
34.78	-0.0404709316856107
34.79	-0.0330059828197727
34.8	-0.0204905977978073
34.81	-0.00717325899940676
34.82	0.000810419151182809
34.83	0.00130593274820386
34.84	-0.00185095732060271
34.85	-0.00474831277469272
34.86	-0.00873451751830361
34.87	-0.0166532169666353
34.88	-0.0263436250007943
34.89	-0.0321447555967543
34.9	-0.031496289974364
34.91	-0.0275996172937842
34.92	-0.0238223209748922
34.93	-0.0190362653783403
34.94	-0.00955494184419238
34.95	0.00468325216678871
34.96	0.0181393817419066
34.97	0.0251011243993326
34.98	0.0248428487949002
34.99	0.0214686274005086
35	0.0170688280483688
35.01	0.00991431875094151
35.02	-0.00208107633883981
35.03	-0.0153020836912463
35.04	-0.0228218035042961
35.05	-0.0212543431252791
35.06	-0.0147176119924681
35.07	-0.0099074221077971
35.08	-0.00942487457301489
35.09	-0.0107718113398693
35.1	-0.0114559250383249
35.11	-0.011982008583298
35.12	-0.0148276689142336
35.13	-0.0206871675520498
35.14	-0.0282946340684566
35.15	-0.0357348735176696
35.16	-0.0429422098379829
35.17	-0.0513000278220954
35.18	-0.0612416743751849
35.19	-0.0704080447918485
35.2	-0.0748587171499973
35.21	-0.0730995863737001
35.22	-0.0665844376681678
35.23	-0.0575402561690531
35.24	-0.0464340158103632
35.25	-0.0335563033353142
35.26	-0.0214510945695795
35.27	-0.0145626715559367
35.28	-0.0155280311436509
35.29	-0.0224115454653807
35.3	-0.0306158346002395
35.31	-0.0370028371496334
35.32	-0.0409811955956146
35.33	-0.0418518312875458
35.34	-0.0377295138161775
35.35	-0.0277668559528009
35.36	-0.01421735325717
35.37	0.000171196160481129
35.38	0.0140772808112866
35.39	0.0267357687280235
35.4	0.0353883029349827
35.41	0.0379610806033192
35.42	0.0353282718867469
35.43	0.0311965985653833
35.44	0.0276442977125692
35.45	0.0248406633866949
35.46	0.0213910635213438
35.47	0.0162902301129968
35.48	0.00972502981419371
35.49	0.0046291744580278
35.5	0.00340175940002661
35.51	0.00400180044817732
35.52	0.000610315657063597
35.53	-0.00822231687389293
35.54	-0.0177091592295503
35.55	-0.0223554544167054
35.56	-0.0229818862995915
35.57	-0.023086767109299
35.58	-0.0241825072643068
35.59	-0.0253512163030003
35.6	-0.0275542511402155
35.61	-0.0324421926879579
35.62	-0.0390501968773643
35.63	-0.043284032297517
35.64	-0.0430022408862187
35.65	-0.0406060965014106
35.66	-0.0405109523844345
35.67	-0.0439353889676294
35.68	-0.0488552680892056
35.69	-0.0539871527219452
35.7	-0.0605112966216497
35.71	-0.0685453069941542
35.72	-0.0747886809270555
35.73	-0.0763513323744534
35.74	-0.0747686705776436
35.75	-0.074198695866928
35.76	-0.0761093639882423
35.77	-0.0787949662632766
35.78	-0.0805516615576888
35.79	-0.0815014092327727
35.8	-0.0826227327218227
35.81	-0.0847003982226636
35.82	-0.0872151079118586
35.83	-0.087570884973653
35.84	-0.0822725516071141
35.85	-0.070652065874415
35.86	-0.0558989110822019
35.87	-0.0418416422483878
35.88	-0.0293451774125825
35.89	-0.0169951924826773
35.9	-0.00392202848473656
35.91	0.00919346305440016
35.92	0.0209408306595756
35.93	0.0300714846163085
35.94	0.0355884064291019
35.95	0.0373522675910579
35.96	0.0362487479596953
35.97	0.0340905910635702
35.98	0.0326068643667256
35.99	0.0329006906103555
36	0.0356884581761615
36.01	0.0416062298673574
36.02	0.050025873529803
36.03	0.0579158732125027
36.04	0.0613917519957743
36.05	0.0598836040215822
36.06	0.0558588903833781
36.07	0.0513028001851181
36.08	0.0458837312015353
36.09	0.0410002407538403
36.1	0.0402508178420795
36.11	0.0444104253048864
36.12	0.0488452629144997
36.13	0.0495683103572415
36.14	0.0488152473903818
36.15	0.051271856071587
36.16	0.0577798839269225
36.17	0.0652266582658356
36.18	0.0714469525752647
36.19	0.0756947042892658
36.2	0.076439534753539
36.21	0.0709505329501915
36.22	0.0591505928616391
36.23	0.0446074103321129
36.24	0.0319465228361322
36.25	0.0221773384680645
36.26	0.0139171980159912
36.27	0.00663986956264474
36.28	0.00246127297766631
36.29	0.00166608149158383
36.3	0.00178092109766099
36.31	0.000795800371072592
36.32	0.000440227687062267
36.33	0.00194376967787896
36.34	0.00361186806885178
36.35	0.00371259719824545
36.36	0.0043422458223869
36.37	0.00759609252947733
36.38	0.0124664476836269
36.39	0.0168486145326558
36.4	0.0215711566660511
36.41	0.0270350495058608
36.42	0.0313862330525984
36.43	0.0324311150896946
36.44	0.0320665849326037
36.45	0.0327475402366566
36.46	0.0343377595908568
36.47	0.0348920822065214
36.48	0.0348480235008608
36.49	0.0358585566920598
36.5	0.0374593740991165
36.51	0.0367161631926135
36.52	0.0317764348661309
36.53	0.0241577865134284
36.54	0.0174190091630774
36.55	0.0143183873176702
36.56	0.0154579949207091
36.57	0.0198027953522685
36.58	0.0262935991272645
36.59	0.0344808830457968
36.6	0.043422458223869
36.61	0.0504347807839016
36.62	0.0529573897186495
36.63	0.0514944969240145
36.64	0.0492154543786202
36.65	0.0470000996529334
36.66	0.0426820752956279
36.67	0.0346063329859287
36.68	0.024642745300781
36.69	0.014753463242247
36.7	0.00573296510651543
36.71	-0.000724014268637388
36.72	-0.00121062613942123
36.73	0.00372897421928051
36.74	0.00819423808418174
36.75	0.00728387395623213
36.76	0.00329170247826104
36.77	0.00149189358851222
36.78	0.00229118500766498
36.79	0.00150377467276417
36.8	-0.0016508538264835
36.81	-0.00129601840190918
36.82	0.00808418116241617
36.83	0.0227658408922693
36.84	0.0332171800237892
36.85	0.0352803836964137
36.86	0.0341676716208555
36.87	0.0350695159699843
36.88	0.0360086237667522
36.89	0.0331762985047667
36.9	0.0280845253996314
36.91	0.0243001133928128
36.92	0.0206606857678087
36.93	0.0137404658300599
36.94	0.00414214232826769
36.95	-0.00395216507980381
36.96	-0.00866448129536188
36.97	-0.0110543542667266
36.98	-0.0113358629418534
36.99	-0.00844537962144532
37	-0.00305157828531799
37.01	0.00141709782062149
37.02	0.00134069341059872
37.03	-0.00457408909747718
37.04	-0.0146275654201144
37.05	-0.0252438043238895
37.06	-0.0334272886926144
37.07	-0.0387993605083792
37.08	-0.0418116250962094
37.09	-0.0414413207931352
37.1	-0.0365889238996979
37.11	-0.0303511581824956
37.12	-0.0280144891766897
37.13	-0.0299634064737508
37.14	-0.029455234334348
37.15	-0.0210298610896324
37.16	-0.00742383963182277
37.17	0.00394056591721442
37.18	0.00920476072948376
37.19	0.0095481053339872
37.2	0.00710367404123203
37.21	0.00310774076194292
37.22	-0.000900465723536455
37.23	-0.00329883399397512
37.24	-0.00410212162944385
37.25	-0.00481894063097071
37.26	-0.00621321349240154
37.27	-0.00689169294163975
37.28	-0.00545282021474853
37.29	-0.00214897668712442
37.3	0.0010405381694199
37.31	0.00399377973601832
37.32	0.00784405696947311
37.33	0.0124789611156545
37.34	0.0150577879324707
37.35	0.0147708111602364
37.36	0.0137371048712839
37.37	0.0135551438719737
37.38	0.0124764528583329
37.39	0.00979005513721768
37.4	0.00798412941535656
37.41	0.00823145252977541
37.42	0.0072637568365274
37.43	0.00200811408916434
37.44	-0.0062232186671075
37.45	-0.0148764729262751
37.46	-0.024882869493724
37.47	-0.0376198858041289
37.48	-0.0496957027645063
37.49	-0.0549901749968775
37.5	-0.0529473845439435
37.51	-0.0509832071044664
37.52	-0.0559489369557317
37.53	-0.0646277874412946
37.54	-0.0670046550058182
37.55	-0.058538885532624
37.56	-0.0450533017009406
37.57	-0.0333340146284328
37.58	-0.0236522330048909
37.59	-0.0143992681256843
37.6	-0.00915473485595395
37.61	-0.0122493414331527
37.62	-0.0209408306595756
37.63	-0.0273024312201255
37.64	-0.0269739510072698
37.65	-0.0217102727889649
37.66	-0.0149077103118813
37.67	-0.00850155312032554
37.68	-0.00382197673767695
37.69	-0.00190828134780232
37.7	-0.00342176974943853
37.71	-0.00840290753452937
37.72	-0.0171888901448403
37.73	-0.0290511156491474
37.74	-0.0413413818850292
37.75	-0.0500616544317454
37.76	-0.0524871465074693
37.77	-0.0489393267526235
37.78	-0.0424719666268028
37.79	-0.0363143408186852
37.8	-0.0314362589261282
37.81	-0.0265268206894662
37.82	-0.0199403131889795
37.83	-0.0121208725138815
37.84	-0.00509263392533395
37.85	-0.00112504718153652
37.86	-0.00145075033236429
37.87	-0.00607816836153243
37.88	-0.0126565460030402
37.89	-0.016258796379284
37.9	-0.0120062096471527
37.91	0.000336174331992924
37.92	0.0158281863848297
37.93	0.0287901731886522
37.94	0.0376894931173536
37.95	0.0442799209322362
37.96	0.0487252008180282
37.97	0.0484233923014605
37.98	0.042662064946216
37.99	0.0372172369490571
38	0.0392503003714835
38.01	0.0486631695482201
38.02	0.0570194906492695
38.03	0.0579244260108324
38.04	0.0534176277551237
38.05	0.0492442869157151
38.06	0.045973777773889
38.07	0.0402272136615024
38.08	0.0316863882937772
38.09	0.0253618154539854
38.1	0.0247227866984287
38.11	0.0270115210149832
38.12	0.0262735887778526
38.13	0.0211014930327708
38.14	0.015237881077178
38.15	0.0117876372402075
38.16	0.00940486422360297
38.17	0.00532054574484143
38.18	-0.000540279434121873
38.19	-0.00727092007354973
38.2	-0.015247886251884
38.21	-0.0248569507066845
38.22	-0.0334573042167323
38.23	-0.0380404890337212
38.24	-0.039120233100306
38.25	-0.0404247224922531
38.26	-0.0435825410191644
38.27	-0.0467481967184895
38.28	-0.0477046729980202
38.29	-0.0473041805965658
38.3	-0.0475746057268427
38.31	-0.0478906568621295
38.32	-0.0447831619838797
38.33	-0.0365986282022376
38.34	-0.0265037077960896
38.35	-0.0193004963056343
38.36	-0.0157281346377701
38.37	-0.0116744645754559
38.38	-0.00405209575591405
38.39	0.00482985312827776
38.4	0.00943487974772085
38.41	0.00771091439482574
38.42	0.00284146961649281
38.43	-0.000853505254687941
38.44	-0.00275142304413917
38.45	-0.00488559922052993
38.46	-0.00870450199418573
38.47	-0.0135592082603824
38.48	-0.0178892523742576
38.49	-0.0200740381171079
38.5	-0.0191599095619146
38.51	-0.0160830665737405
38.52	-0.0144474722754071
38.53	-0.0180876147951767
38.54	-0.0270940131037413
38.55	-0.0367922630849073
38.56	-0.0420817648132703
38.57	-0.0426091449941753
38.58	-0.0415514905538544
38.59	-0.0401708559095929
38.6	-0.0358485409714569
38.61	-0.0272875437749788
38.62	-0.0171088487471926
38.63	-0.00798417818144188
38.64	0.00152078655530601
38.65	0.0133356702112869
38.66	0.0251930299096088
38.67	0.0325126643260132
38.68	0.0342076923196793
38.69	0.0333049930777159
38.7	0.0330470920537879
38.71	0.0342721687184554
38.72	0.0367089859961695
38.73	0.0399341837023931
38.74	0.0433124013021035
38.75	0.0457159167769037
38.76	0.0466541296538943
38.77	0.0467385805921779
38.78	0.0467041555274241
38.79	0.0460160585997047
38.8	0.0424719666268028
38.81	0.0349635945225021
38.82	0.0255432110243174
38.83	0.0187651497456635
38.84	0.0174190091630774
38.85	0.0203580022718918
38.86	0.0240724503425412
38.87	0.026687960721094
38.88	0.0296853533525851
38.89	0.0352971783632448
38.9	0.0428521632656293
38.91	0.0481396682844902
38.92	0.0479347920162573
38.93	0.0435860390338452
38.94	0.0391802641485417
38.95	0.0359779824433619
38.96	0.0308059329196527
38.97	0.0204939363075121
38.98	0.00744384998123469
38.99	-0.00214849903968064
39	-0.0049525614794505
39.01	-0.00497586822257881
39.02	-0.00790408801770888
39.03	-0.0137403167010993
39.04	-0.0165685693130708
39.05	-0.0132197598535856
39.06	-0.0072637568365274
39.07	-0.00391623237967217
39.08	-0.00337174387590872
39.09	-0.00316801747779097
39.1	-0.00360186289414582
39.11	-0.00803876010601372
39.12	-0.0165485589636588
39.13	-0.0241822752181542
39.14	-0.0250629626384313
39.15	-0.018734717654382
39.16	-0.00908469863301223
39.17	0.000110395273628526
39.18	0.00839434157830095
39.19	0.0160339597144895
39.2	0.0217512498107584
39.21	0.0240612545894981
39.22	0.0235821967819492
39.23	0.0224930381107198
39.24	0.0217812653348762
39.25	0.0215911508156549
39.26	0.0220313947025253
39.27	0.0232854666737732
39.28	0.0248728643190181
39.29	0.0271250367456197
39.3	0.0310360519378898
39.31	0.0362277528939426
39.32	0.0398406056791351
39.33	0.039380656744806
39.34	0.035298256362629
39.35	0.0299209660662319
39.36	0.0241124710413651
39.37	0.016775067357829
39.38	0.00704364299299627
39.39	-0.00410443223365558
39.4	-0.0150577879324707
39.41	-0.0256046714319896
39.42	-0.0353282718867469
39.43	-0.0415405595821821
39.44	-0.040881143848555
39.45	-0.034705545521056
39.46	-0.0290550273461096
39.47	-0.0280707858438996
39.48	-0.0289349652496381
39.49	-0.0262066622466649
39.5	-0.0190198371160311
39.51	-0.011548451354453
39.52	-0.00711367921593799
39.53	-0.00487166594265607
39.54	-0.00208107633883981
39.55	0.00229697060943972
39.56	0.0075939276018241
39.57	0.012989515407489
39.58	0.0181794024407304
39.59	0.0222332605956621
39.6	0.0232620311913584
39.61	0.0202463348514521
39.62	0.0148176637395277
39.63	0.0106196915831851
39.64	0.00911471415713011
39.65	0.00803630468161289
39.66	0.00366189394238158
39.67	-0.00414370274176792
39.68	-0.0119661889483289
39.69	-0.0165718553065974
39.7	-0.0182694490130841
39.71	-0.0190528710089001
39.72	-0.0195301010260351
39.73	-0.0187136341463291
39.74	-0.016518543439541
39.75	-0.0144059743679869
39.76	-0.0136470582989303
39.77	-0.0141974824620498
39.78	-0.015488010444827
39.79	-0.0177295858415353
39.8	-0.0214410893948736
39.81	-0.026255389239799
39.82	-0.0300855603408235
39.83	-0.0305614036519882
39.84	-0.0272440907243307
39.85	-0.0225028102933199
39.86	-0.018789718097794
39.87	-0.0155282833043273
39.88	-0.00993513848301888
39.89	-0.00152578840866651
39.9	0.00586303237769291
39.91	0.00790349107898718
39.92	0.00465240623827168
39.93	0.000753724474799129
39.94	0.0006603415305934
39.95	0.00489654565542559
39.96	0.0100451954047844
39.97	0.0119939357597095
39.98	0.00918475038007184
39.99	0.00391687326734942
